// HNB model in the BIF format
// Produced by the HNB package

network "HLCM2190517" {}

variable "class" { 
      type discrete[2] { "s0" "s1" }
}

variable "v244" { 
      type discrete[7] { "s0" "s1" "s2" "s3" "s4" "s5" "s6" }
}

variable "a4" { 
      type discrete[3] { "s0" "s1" "s2" }
}

variable "v208" { 
      type discrete[8] { "s0" "s1" "s2" "s3" "s4" "s5" "s6" "s7" }
}

variable "a2" { 
      type discrete[3] { "s0" "s1" "s2" }
}

variable "a5" { 
      type discrete[4] { "s0" "s1" "s2" "s3" }
}

variable "v271" { 
      type discrete[5] { "s0" "s1" "s2" "s3" "s4" }
}

variable "a6" { 
      type discrete[2] { "s0" "s1" }
}

variable "a1" { 
      type discrete[3] { "s0" "s1" "s2" }
}

variable "a3" { 
      type discrete[2] { "s0" "s1" }
}

probability( "class" ) {
      table  0.6636 0.3364;
}

probability( "v244" | "class" ) {
        ("s0") 0.2948 0.1625 0.3388 0.0000 0.2039 0.0000 0.0000;
        ("s1") 0.0000 0.0000 0.0000 0.2609 0.0000 0.3315 0.4076;
}

probability( "a4" | "v244" ) {
        ("s0") 0.0000 0.4860 0.5140;
        ("s1") 1.0000 0.0000 0.0000;
        ("s2") 0.0000 0.4634 0.5366;
        ("s3") 1.0000 0.0000 0.0000;
        ("s4") 1.0000 0.0000 0.0000;
        ("s5") 0.0000 0.4590 0.5410;
        ("s6") 0.0000 0.4667 0.5333;
}

probability( "v208" | "v244" ) {
        ("s0") 0.0979 0.0000 0.0000 0.2011 0.2991 0.0000 0.1495 0.2523;
        ("s1") 0.1162 0.0000 0.0000 0.1381 0.3051 0.0000 0.1525 0.2881;
        ("s2") 0.0000 0.1142 0.0569 0.1138 0.0728 0.3740 0.0000 0.2683;
        ("s3") 0.0000 0.1875 0.0833 0.0000 0.0000 0.4375 0.0000 0.2917;
        ("s4") 0.0603 0.0560 0.0811 0.1289 0.2413 0.2973 0.1351 0.0000;
        ("s5") 0.2623 0.0000 0.0000 0.0000 0.4590 0.0000 0.2787 0.0000;
        ("s6") 0.0000 0.2533 0.1067 0.0000 0.0000 0.6400 0.0000 0.0000;
}

probability( "a2" | "v208" ) {
        ("s0") 0.0000 0.5560 0.4440;
        ("s1") 1.0000 0.0000 0.0000;
        ("s2") 0.0000 0.4400 0.5600;
        ("s3") 0.5827 0.2065 0.2108;
        ("s4") 1.0000 0.0000 0.0000;
        ("s5") 0.0000 0.5182 0.4818;
        ("s6") 0.0000 0.5000 0.5000;
        ("s7") 0.0000 0.5495 0.4505;
}

probability( "a5" | "v208" ) {
        ("s0") 0.0000 0.3141 0.3729 0.3130;
        ("s1") 0.0000 0.3716 0.3285 0.3000;
        ("s2") 1.0000 0.0000 0.0000 0.0000;
        ("s3") 0.3759 0.1904 0.2238 0.2099;
        ("s4") 0.3912 0.1988 0.1892 0.2208;
        ("s5") 0.0000 0.3577 0.3650 0.2774;
        ("s6") 1.0000 0.0000 0.0000 0.0000;
        ("s7") 0.0000 0.2857 0.3736 0.3407;
}

probability( "v271" | "v208" ) {
        ("s0") 0.0000 0.0000 1.0000 0.0000 0.0000;
        ("s1") 1.0000 0.0000 0.0000 0.0000 0.0000;
        ("s2") 1.0000 0.0000 0.0000 0.0000 0.0000;
        ("s3") 0.0000 0.0000 1.0000 0.0000 0.0000;
        ("s4") 0.1699 0.2672 0.0000 0.3922 0.1707;
        ("s5") 0.0000 0.3504 0.0000 0.6312 0.0184;
        ("s6") 0.0000 0.3269 0.0000 0.5238 0.1493;
        ("s7") 1.0000 0.0000 0.0000 0.0000 0.0000;
}

probability( "a6" | "v271" ) {
        ("s0") 0.0000 1.0000;
        ("s1") 0.0000 1.0000;
        ("s2") 1.0000 0.0000;
        ("s3") 1.0000 0.0000;
        ("s4") 1.0000 0.0000;
}

probability( "a1" | "v271" ) {
        ("s0") 0.0000 0.4889 0.5111;
        ("s1") 1.0000 0.0000 0.0000;
        ("s2") 1.0000 0.0000 0.0000;
        ("s3") 0.0000 0.5211 0.4789;
        ("s4") 0.0000 0.3663 0.6337;
}

probability( "a3" | "v244" ) {
        ("s0") 1.0000 0.0000;
        ("s1") 0.0000 1.0000;
        ("s2") 0.0000 1.0000;
        ("s3") 0.2917 0.7083;
        ("s4") 1.0000 0.0000;
        ("s5") 0.0000 1.0000;
        ("s6") 1.0000 0.0000;
}

//Loglikelihood:  0.0
//Score        :  1.0
//LoglikelihoodOfPreviousModel:  -91205.51730240627
