// HNB model in the BIF format
// Produced by the HNB package

network "HLCM790497" {}

variable "class" { 
      type discrete[2] { "s0" "s1" }
}

variable "v106" { 
      type discrete[7] { "s0" "s1" "s2" "s3" "s4" "s5" "s6" }
}

variable "a4" { 
      type discrete[3] { "s0" "s1" "s2" }
}

variable "v78" { 
      type discrete[13] { "s0" "s1" "s2" "s3" "s4" "s5" "s6" "s7" "s8" "s9" "s10" "s11" "s12" }
}

variable "a2" { 
      type discrete[3] { "s0" "s1" "s2" }
}

variable "a6" { 
      type discrete[2] { "s0" "s1" }
}

variable "a3" { 
      type discrete[2] { "s0" "s1" }
}

variable "a1" { 
      type discrete[3] { "s0" "s1" "s2" }
}

variable "a5" { 
      type discrete[4] { "s0" "s1" "s2" "s3" }
}

probability( "class" ) {
      table  0.6489 0.3511;
}

probability( "v106" | "class" ) {
        ("s0") 0.2295 0.0000 0.4873 0.0000 0.1586 0.0000 0.1246;
        ("s1") 0.0000 0.2408 0.0000 0.5445 0.0000 0.2147 0.0000;
}

probability( "a4" | "v106" ) {
        ("s0") 1.0000 0.0000 0.0000;
        ("s1") 1.0000 0.0000 0.0000;
        ("s2") 0.0000 0.4942 0.5058;
        ("s3") 0.0000 0.4808 0.5192;
        ("s4") 0.0000 0.4821 0.5179;
        ("s5") 0.1220 0.4146 0.4634;
        ("s6") 1.0000 0.0000 0.0000;
}

probability( "v78" | "v106" ) {
        ("s0") 0.0593 0.1465 0.1131 0.0000 0.0795 0.0746 0.3013 0.0000 0.0000 0.0784 0.1472 0.0000 0.0000;
        ("s1") 0.0000 0.0000 0.0000 0.2174 0.0000 0.0000 0.0000 0.3043 0.1522 0.0000 0.0000 0.3261 0.0000;
        ("s2") 0.0000 0.0000 0.0000 0.0910 0.0000 0.0000 0.3357 0.1525 0.0913 0.0000 0.1908 0.1199 0.0188;
        ("s3") 0.0577 0.2885 0.1635 0.0000 0.1827 0.1154 0.0000 0.0000 0.0000 0.1923 0.0000 0.0000 0.0000;
        ("s4") 0.0789 0.1480 0.0593 0.0000 0.0989 0.0219 0.3534 0.0000 0.0000 0.0978 0.1418 0.0000 0.0000;
        ("s5") 0.0000 0.0000 0.0000 0.1463 0.0000 0.0000 0.0000 0.2439 0.1463 0.0000 0.1220 0.2848 0.0567;
        ("s6") 0.0543 0.1135 0.0364 0.0439 0.0848 0.0580 0.2624 0.1102 0.0441 0.0385 0.0000 0.1281 0.0259;
}

probability( "a2" | "v78" ) {
        ("s0") 1.0000 0.0000 0.0000;
        ("s1") 0.0000 0.5185 0.4815;
        ("s2") 0.0000 0.5503 0.4497;
        ("s3") 1.0000 0.0000 0.0000;
        ("s4") 0.0000 0.4985 0.5015;
        ("s5") 1.0000 0.0000 0.0000;
        ("s6") 0.6650 0.1716 0.1634;
        ("s7") 0.0000 0.5188 0.4812;
        ("s8") 0.0000 0.4833 0.5167;
        ("s9") 1.0000 0.0000 0.0000;
        ("s10") 0.0000 0.5345 0.4655;
        ("s11") 0.0000 0.5833 0.4167;
        ("s12") 0.0000 0.2129 0.7871;
}

probability( "a6" | "v78" ) {
        ("s0") 0.0000 1.0000;
        ("s1") 1.0000 0.0000;
        ("s2") 1.0000 0.0000;
        ("s3") 0.0000 1.0000;
        ("s4") 0.0000 1.0000;
        ("s5") 1.0000 0.0000;
        ("s6") 0.8663 0.1337;
        ("s7") 0.0000 1.0000;
        ("s8") 0.0000 1.0000;
        ("s9") 0.0000 1.0000;
        ("s10") 0.0000 1.0000;
        ("s11") 1.0000 0.0000;
        ("s12") 1.0000 0.0000;
}

probability( "a3" | "v78" ) {
        ("s0") 0.2330 0.7670;
        ("s1") 1.0000 0.0000;
        ("s2") 0.0000 1.0000;
        ("s3") 0.0000 1.0000;
        ("s4") 1.0000 0.0000;
        ("s5") 0.0000 1.0000;
        ("s6") 0.8146 0.1854;
        ("s7") 1.0000 0.0000;
        ("s8") 0.0000 1.0000;
        ("s9") 1.0000 0.0000;
        ("s10") 0.0000 1.0000;
        ("s11") 0.0000 1.0000;
        ("s12") 0.0000 1.0000;
}

probability( "a1" | "v78" ) {
        ("s0") 1.0000 0.0000 0.0000;
        ("s1") 0.0000 0.5228 0.4772;
        ("s2") 1.0000 0.0000 0.0000;
        ("s3") 0.0000 0.4699 0.5301;
        ("s4") 1.0000 0.0000 0.0000;
        ("s5") 0.0000 0.5000 0.5000;
        ("s6") 0.6341 0.1816 0.1843;
        ("s7") 0.0000 0.5359 0.4641;
        ("s8") 1.0000 0.0000 0.0000;
        ("s9") 0.0000 0.4832 0.5168;
        ("s10") 0.0000 0.5174 0.4826;
        ("s11") 0.0000 0.5348 0.4652;
        ("s12") 0.0000 0.0001 0.9999;
}

probability( "a5" | "v106" ) {
        ("s0") 0.0000 0.3210 0.3457 0.3333;
        ("s1") 0.0000 0.3043 0.3913 0.3043;
        ("s2") 0.0000 0.3081 0.3488 0.3430;
        ("s3") 0.0000 0.3750 0.3269 0.2981;
        ("s4") 1.0000 0.0000 0.0000 0.0000;
        ("s5") 1.0000 0.0000 0.0000 0.0000;
        ("s6") 1.0000 0.0000 0.0000 0.0000;
}

//Loglikelihood:  0.0
//Score        :  1.0
//LoglikelihoodOfPreviousModel:  -90063.61894014943
