// HNB model in the BIF format
// Produced by the HNB package

network "HLCM2621454" {}

variable "class" { 
      type discrete[2] { "s0" "s1" }
}

variable "v382" { 
      type discrete[8] { "s0" "s1" "s2" "s3" "s4" "s5" "s6" "s7" }
}

variable "a4" { 
      type discrete[3] { "s0" "s1" "s2" }
}

variable "v361" { 
      type discrete[8] { "s0" "s1" "s2" "s3" "s4" "s5" "s6" "s7" }
}

variable "a3" { 
      type discrete[2] { "s0" "s1" }
}

variable "a5" { 
      type discrete[4] { "s0" "s1" "s2" "s3" }
}

variable "a6" { 
      type discrete[2] { "s0" "s1" }
}

variable "a2" { 
      type discrete[3] { "s0" "s1" "s2" }
}

variable "a1" { 
      type discrete[3] { "s0" "s1" "s2" }
}

probability( "class" ) {
      table  0.6562 0.3438;
}

probability( "v382" | "class" ) {
        ("s0") 0.2914 0.0000 0.1501 0.0000 0.0000 0.0034 0.0000 0.5550;
        ("s1") 0.0000 0.1774 0.0000 0.2204 0.1935 0.1129 0.2957 0.0000;
}

probability( "a4" | "v382" ) {
        ("s0") 0.2344 0.3545 0.4111;
        ("s1") 0.0000 0.5152 0.4848;
        ("s2") 0.0000 0.4818 0.5182;
        ("s3") 0.0000 0.4634 0.5366;
        ("s4") 1.0000 0.0000 0.0000;
        ("s5") 0.7184 0.1407 0.1409;
        ("s6") 0.0000 0.4909 0.5091;
        ("s7") 0.5420 0.2310 0.2270;
}

probability( "v361" | "v382" ) {
        ("s0") 0.0000 0.0000 0.7517 0.0000 0.0000 0.0000 0.2483 0.0000;
        ("s1") 0.0000 0.1818 0.0000 0.0000 0.0000 0.3636 0.0000 0.4545;
        ("s2") 0.0000 0.1349 0.0002 0.4248 0.0000 0.0573 0.0000 0.3829;
        ("s3") 0.0000 0.1463 0.0000 0.0000 0.0000 0.3659 0.0000 0.4878;
        ("s4") 0.0000 0.1389 0.0000 0.0000 0.0000 0.4444 0.0000 0.4167;
        ("s5") 0.0000 0.0000 1.0000 0.0000 0.0000 0.0000 0.0000 0.0000;
        ("s6") 0.2727 0.0000 0.0000 0.0000 0.5636 0.0000 0.1636 0.0000;
        ("s7") 0.1269 0.0397 0.0000 0.0001 0.3654 0.1638 0.1742 0.1299;
}

probability( "a3" | "v361" ) {
        ("s0") 0.0000 1.0000;
        ("s1") 0.0000 1.0000;
        ("s2") 0.0000 1.0000;
        ("s3") 0.0000 1.0000;
        ("s4") 1.0000 0.0000;
        ("s5") 0.0000 1.0000;
        ("s6") 1.0000 0.0000;
        ("s7") 1.0000 0.0000;
}

probability( "a5" | "v361" ) {
        ("s0") 1.0000 0.0000 0.0000 0.0000;
        ("s1") 1.0000 0.0000 0.0000 0.0000;
        ("s2") 0.0000 0.2900 0.3700 0.3400;
        ("s3") 0.0000 0.4447 0.3041 0.2512;
        ("s4") 0.0000 0.2815 0.3592 0.3592;
        ("s5") 0.0000 0.3054 0.3333 0.3614;
        ("s6") 1.0000 0.0000 0.0000 0.0000;
        ("s7") 0.0000 0.3229 0.4063 0.2708;
}

probability( "a6" | "v361" ) {
        ("s0") 1.0000 0.0000;
        ("s1") 0.0000 1.0000;
        ("s2") 0.0000 1.0000;
        ("s3") 0.9999 0.0001;
        ("s4") 1.0000 0.0000;
        ("s5") 1.0000 0.0000;
        ("s6") 0.4783 0.5217;
        ("s7") 0.0000 1.0000;
}

probability( "a2" | "v382" ) {
        ("s0") 0.2355 0.4172 0.3473;
        ("s1") 1.0000 0.0000 0.0000;
        ("s2") 0.0000 0.4581 0.5419;
        ("s3") 0.0000 0.5610 0.4390;
        ("s4") 0.0000 0.5000 0.5000;
        ("s5") 0.6719 0.1401 0.1880;
        ("s6") 0.0000 0.5636 0.4364;
        ("s7") 0.5213 0.2554 0.2234;
}

probability( "a1" | "v382" ) {
        ("s0") 0.2310 0.4237 0.3453;
        ("s1") 0.0000 0.4545 0.5455;
        ("s2") 0.0000 0.5381 0.4619;
        ("s3") 1.0000 0.0000 0.0000;
        ("s4") 0.0000 0.5278 0.4722;
        ("s5") 0.6264 0.1880 0.1856;
        ("s6") 0.0000 0.5091 0.4909;
        ("s7") 0.5338 0.2300 0.2362;
}

//Loglikelihood:  -91124.7192647718
//Score        :  -91887.06512828745
//LoglikelihoodOfPreviousModel:  -91124.7275104856
