// HNB model in the BIF format
// Produced by the HNB package

network "HLCM2035488" {}

variable "class" { 
      type discrete[2] { "s0" "s1" }
}

variable "v757" { 
      type discrete[6] { "s0" "s1" "s2" "s3" "s4" "s5" }
}

variable "a2" { 
      type discrete[3] { "s0" "s1" "s2" }
}

variable "a5" { 
      type discrete[4] { "s0" "s1" "s2" "s3" }
}

variable "a4" { 
      type discrete[3] { "s0" "s1" "s2" }
}

variable "a3" { 
      type discrete[2] { "s0" "s1" }
}

variable "a6" { 
      type discrete[2] { "s0" "s1" }
}

variable "a1" { 
      type discrete[3] { "s0" "s1" "s2" }
}

probability( "class" ) {
      table  0.4877 0.5123;
}

probability( "v757" | "class" ) {
        ("s0") 0.0000 0.0350 0.4477 0.0000 0.0000 0.5173;
        ("s1") 0.2266 0.0000 0.0000 0.7134 0.0600 0.0000;
}

probability( "a2" | "v757" ) {
        ("s0") 0.5654 0.4346 0.0000;
        ("s1") 0.0000 0.3616 0.6384;
        ("s2") 0.4411 0.3471 0.2118;
        ("s3") 0.4652 0.5348 0.0000;
        ("s4") 0.0000 0.2003 0.7997;
        ("s5") 0.0000 0.0000 1.0000;
}

probability( "a5" | "v757" ) {
        ("s0") 0.2629 0.4439 0.2932 0.0000;
        ("s1") 0.0732 0.3199 0.6035 0.0034;
        ("s2") 0.0000 0.0000 0.0000 1.0000;
        ("s3") 0.3763 0.3244 0.2993 0.0000;
        ("s4") 0.0000 0.0000 0.9334 0.0666;
        ("s5") 0.3118 0.3276 0.1785 0.1820;
}

probability( "a4" | "v757" ) {
        ("s0") 0.8186 0.0127 0.1686;
        ("s1") 0.0000 0.5707 0.4293;
        ("s2") 0.3287 0.3259 0.3453;
        ("s3") 0.1661 0.4109 0.4230;
        ("s4") 1.0000 0.0000 0.0000;
        ("s5") 0.2921 0.3535 0.3544;
}

probability( "a3" | "v757" ) {
        ("s0") 0.5545 0.4455;
        ("s1") 1.0000 0.0000;
        ("s2") 0.5289 0.4711;
        ("s3") 0.4623 0.5377;
        ("s4") 0.7429 0.2571;
        ("s5") 0.4493 0.5507;
}

probability( "a6" | "v757" ) {
        ("s0") 0.5012 0.4988;
        ("s1") 1.0000 0.0000;
        ("s2") 0.4928 0.5072;
        ("s3") 0.4724 0.5276;
        ("s4") 0.4899 0.5101;
        ("s5") 0.4643 0.5357;
}

probability( "a1" | "v757" ) {
        ("s0") 0.2793 0.2666 0.4541;
        ("s1") 0.3081 0.6919 0.0000;
        ("s2") 0.3766 0.3321 0.2912;
        ("s3") 0.3785 0.3449 0.2765;
        ("s4") 0.1777 0.4252 0.3971;
        ("s5") 0.3273 0.2912 0.3815;
}

//Loglikelihood:  0.0
//Score        :  0.9242424242424242
//LoglikelihoodOfPreviousModel:  -80193.25291139625
