// HNB model in the BIF format
// Produced by the HNB package

network "HLCM275334" {}

variable "v0" { 
      type discrete[3] { "s0" "s1" "s2" }
}

variable "v221" { 
      type discrete[3] { "s0" "s1" "s2" }
}

variable "v8" { 
      type discrete[3] { "s0" "s1" "s2" }
}

variable "v9" { 
      type discrete[3] { "s0" "s1" "s2" }
}

variable "v242" { 
      type discrete[3] { "s0" "s1" "s2" }
}

variable "v2" { 
      type discrete[3] { "s0" "s1" "s2" }
}

variable "v235" { 
      type discrete[3] { "s0" "s1" "s2" }
}

variable "v4" { 
      type discrete[3] { "s0" "s1" "s2" }
}

variable "v226" { 
      type discrete[2] { "s0" "s1" }
}

variable "v6" { 
      type discrete[3] { "s0" "s1" "s2" }
}

variable "v7" { 
      type discrete[3] { "s0" "s1" "s2" }
}

probability( "v0" ) {
      table  0.2767 0.3503 0.3730;
}

probability( "v221" | "v0" ) {
        ("s0") 0.0101 0.0717 0.9182;
        ("s1") 0.0166 0.8151 0.1683;
        ("s2") 0.8897 0.1029 0.0074;
}

probability( "v8" | "v221" ) {
        ("s0") 0.0090 0.9646 0.0265;
        ("s1") 0.8119 0.0623 0.1257;
        ("s2") 0.0535 0.0044 0.9421;
}

probability( "v9" | "v221" ) {
        ("s0") 0.1363 0.8316 0.0321;
        ("s1") 0.0407 0.0614 0.8979;
        ("s2") 0.1245 0.8672 0.0082;
}

probability( "v242" | "v0" ) {
        ("s0") 0.0012 0.9733 0.0256;
        ("s1") 0.0007 0.0131 0.9862;
        ("s2") 0.9999 0.0000 0.0001;
}

probability( "v2" | "v242" ) {
        ("s0") 0.0062 0.8700 0.1238;
        ("s1") 0.0431 0.1025 0.8545;
        ("s2") 0.8266 0.1379 0.0354;
}

probability( "v235" | "v242" ) {
        ("s0") 0.9419 0.0022 0.0560;
        ("s1") 0.0103 0.8965 0.0932;
        ("s2") 0.0115 0.8162 0.1723;
}

probability( "v4" | "v235" ) {
        ("s0") 0.1102 0.0936 0.7962;
        ("s1") 0.0329 0.9671 0.0000;
        ("s2") 0.8694 0.0843 0.0463;
}

probability( "v226" | "v235" ) {
        ("s0") 0.9165 0.0835;
        ("s1") 0.8986 0.1014;
        ("s2") 0.2037 0.7963;
}

probability( "v6" | "v226" ) {
        ("s0") 0.1292 0.8350 0.0358;
        ("s1") 0.8105 0.1295 0.0599;
}

probability( "v7" | "v226" ) {
        ("s0") 0.8068 0.0213 0.1719;
        ("s1") 0.1515 0.0562 0.7923;
}

//Loglikelihood:  -232233.8640074886
//Score        :  -232531.40791030988
//LoglikelihoodOfPreviousModel:  -111452.976699225
