// HNB model in the BIF format
// Produced by the HNB package

network "HLCM282778" {}

variable "v0" { 
      type discrete[3] { "s0" "s1" "s2" }
}

variable "v2" { 
      type discrete[3] { "s0" "s1" "s2" }
}

variable "v243" { 
      type discrete[3] { "s0" "s1" "s2" }
}

variable "v221" { 
      type discrete[3] { "s0" "s1" "s2" }
}

variable "v8" { 
      type discrete[3] { "s0" "s1" "s2" }
}

variable "v9" { 
      type discrete[3] { "s0" "s1" "s2" }
}

variable "v235" { 
      type discrete[3] { "s0" "s1" "s2" }
}

variable "v4" { 
      type discrete[3] { "s0" "s1" "s2" }
}

variable "v226" { 
      type discrete[3] { "s0" "s1" "s2" }
}

variable "v6" { 
      type discrete[3] { "s0" "s1" "s2" }
}

variable "v7" { 
      type discrete[3] { "s0" "s1" "s2" }
}

probability( "v0" ) {
      table  0.2767 0.3503 0.3730;
}

probability( "v2" | "v0" ) {
        ("s0") 0.0630 0.1043 0.8327;
        ("s1") 0.8158 0.1380 0.0462;
        ("s2") 0.0063 0.8700 0.1237;
}

probability( "v243" | "v0" ) {
        ("s0") 0.9984 0.0000 0.0016;
        ("s1") 0.0420 0.0000 0.9580;
        ("s2") 0.0001 0.9999 0.0000;
}

probability( "v221" | "v243" ) {
        ("s0") 0.0122 0.0704 0.9174;
        ("s1") 0.8972 0.1027 0.0002;
        ("s2") 0.0173 0.8477 0.1350;
}

probability( "v8" | "v221" ) {
        ("s0") 0.0094 0.9566 0.0340;
        ("s1") 0.8122 0.0623 0.1256;
        ("s2") 0.0536 0.0023 0.9440;
}

probability( "v9" | "v221" ) {
        ("s0") 0.1363 0.8316 0.0321;
        ("s1") 0.0407 0.0615 0.8979;
        ("s2") 0.1244 0.8674 0.0083;
}

probability( "v235" | "v243" ) {
        ("s0") 0.8983 0.0930 0.0087;
        ("s1") 0.0397 0.0538 0.9065;
        ("s2") 0.8192 0.1713 0.0095;
}

probability( "v4" | "v235" ) {
        ("s0") 0.0349 0.9626 0.0025;
        ("s1") 0.8752 0.0795 0.0453;
        ("s2") 0.1148 0.0579 0.8273;
}

probability( "v226" | "v235" ) {
        ("s0") 0.8041 0.1632 0.0327;
        ("s1") 0.1151 0.3905 0.4944;
        ("s2") 0.7874 0.2125 0.0001;
}

probability( "v6" | "v226" ) {
        ("s0") 0.0805 0.8875 0.0320;
        ("s1") 0.6138 0.3220 0.0642;
        ("s2") 0.8740 0.0748 0.0512;
}

probability( "v7" | "v226" ) {
        ("s0") 0.8257 0.0179 0.1564;
        ("s1") 0.4713 0.0586 0.4701;
        ("s2") 0.0003 0.0321 0.9676;
}

//Loglikelihood:  -232212.4978826463
//Score        :  -232547.91100946302
//LoglikelihoodOfPreviousModel:  -80181.42437167752
