// HNB model in the BIF format
// Produced by the HNB package

network "HLCM82146" {}

variable "v0" { 
      type discrete[3] { "s0" "s1" "s2" }
}

variable "v4" { 
      type discrete[3] { "s0" "s1" "s2" }
}

variable "v7" { 
      type discrete[3] { "s0" "s1" "s2" }
}

variable "v221" { 
      type discrete[3] { "s0" "s1" "s2" }
}

variable "v8" { 
      type discrete[3] { "s0" "s1" "s2" }
}

variable "v9" { 
      type discrete[3] { "s0" "s1" "s2" }
}

variable "v227" { 
      type discrete[3] { "s0" "s1" "s2" }
}

variable "v6" { 
      type discrete[3] { "s0" "s1" "s2" }
}

variable "v2" { 
      type discrete[3] { "s0" "s1" "s2" }
}

probability( "v0" ) {
      table  0.2700 0.3576 0.3724;
}

probability( "v4" | "v0" ) {
        ("s0") 0.1097 0.8762 0.0142;
        ("s1") 0.1702 0.8132 0.0166;
        ("s2") 0.1545 0.0968 0.7487;
}

probability( "v7" | "v0" ) {
        ("s0") 0.7032 0.0281 0.2687;
        ("s1") 0.6644 0.0289 0.3067;
        ("s2") 0.7273 0.0280 0.2448;
}

probability( "v221" | "v0" ) {
        ("s0") 0.9198 0.0158 0.0644;
        ("s1") 0.1628 0.0162 0.8210;
        ("s2") 0.0010 0.8904 0.1085;
}

probability( "v8" | "v221" ) {
        ("s0") 0.0536 0.0005 0.9459;
        ("s1") 0.0071 0.9592 0.0337;
        ("s2") 0.8116 0.0633 0.1250;
}

probability( "v9" | "v221" ) {
        ("s0") 0.1302 0.8585 0.0113;
        ("s1") 0.1416 0.8252 0.0333;
        ("s2") 0.0420 0.0636 0.8943;
}

probability( "v227" | "v0" ) {
        ("s0") 0.0154 0.9689 0.0157;
        ("s1") 0.0203 0.0246 0.9550;
        ("s2") 0.9232 0.0740 0.0029;
}

probability( "v6" | "v227" ) {
        ("s0") 0.2177 0.7425 0.0399;
        ("s1") 0.2364 0.7248 0.0387;
        ("s2") 0.2762 0.6845 0.0393;
}

probability( "v2" | "v227" ) {
        ("s0") 0.0001 0.9323 0.0675;
        ("s1") 0.0589 0.0949 0.8462;
        ("s2") 0.8535 0.1179 0.0286;
}

//Loglikelihood:  -475368.4534601129
//Score        :  -475656.27659673715
//LoglikelihoodOfPreviousModel:  -166669.079020657
