// HNB model in the BIF format
// Produced by the HNB package

network "HLCM5521150" {}

variable "class" { 
      type discrete[2] { "s0" "s1" }
}

variable "a6" { 
      type discrete[2] { "s0" "s1" }
}

variable "v1188" { 
      type discrete[3] { "s0" "s1" "s2" }
}

variable "a3" { 
      type discrete[2] { "s0" "s1" }
}

variable "v1159" { 
      type discrete[8] { "s0" "s1" "s2" "s3" "s4" "s5" "s6" "s7" }
}

variable "a2" { 
      type discrete[3] { "s0" "s1" "s2" }
}

variable "a5" { 
      type discrete[4] { "s0" "s1" "s2" "s3" }
}

variable "a4" { 
      type discrete[3] { "s0" "s1" "s2" }
}

variable "a1" { 
      type discrete[3] { "s0" "s1" "s2" }
}

probability( "class" ) {
      table  0.4802 0.5198;
}

probability( "a6" | "class" ) {
        ("s0") 0.5083 0.4917;
        ("s1") 0.4809 0.5191;
}

probability( "v1188" | "class" ) {
        ("s0") 1.0000 0.0000 0.0000;
        ("s1") 0.0000 0.7062 0.2938;
}

probability( "a3" | "v1188" ) {
        ("s0") 0.5041 0.4959;
        ("s1") 0.7172 0.2828;
        ("s2") 0.0688 0.9312;
}

probability( "v1159" | "v1188" ) {
        ("s0") 0.0000 0.3581 0.0000 0.0228 0.3578 0.2613 0.0000 0.0000;
        ("s1") 0.0867 0.0000 0.1278 0.0000 0.0000 0.0000 0.5164 0.2691;
        ("s2") 0.0705 0.0000 0.0703 0.0000 0.0000 0.0000 0.5479 0.3113;
}

probability( "a2" | "v1159" ) {
        ("s0") 0.0118 0.3361 0.6522;
        ("s1") 0.5077 0.4331 0.0592;
        ("s2") 0.9013 0.0987 0.0000;
        ("s3") 0.0000 0.9906 0.0094;
        ("s4") 0.0000 0.0000 1.0000;
        ("s5") 0.0000 0.0000 1.0000;
        ("s6") 0.4698 0.5302 0.0000;
        ("s7") 0.3912 0.6088 0.0000;
}

probability( "a5" | "v1159" ) {
        ("s0") 0.0000 0.0000 1.0000 0.0000;
        ("s1") 0.0000 0.0000 0.0158 0.9842;
        ("s2") 0.4854 0.1802 0.3344 0.0000;
        ("s3") 0.0000 0.1829 0.4905 0.3266;
        ("s4") 0.4016 0.3501 0.0000 0.2483;
        ("s5") 0.1617 0.2005 0.4257 0.2120;
        ("s6") 0.3060 0.5101 0.1839 0.0000;
        ("s7") 0.3763 0.1559 0.4678 0.0000;
}

probability( "a4" | "v1159" ) {
        ("s0") 1.0000 0.0000 0.0000;
        ("s1") 0.3439 0.3150 0.3411;
        ("s2") 0.5098 0.1355 0.3548;
        ("s3") 0.0000 0.4488 0.5512;
        ("s4") 0.4642 0.2382 0.2975;
        ("s5") 0.0000 0.5314 0.4686;
        ("s6") 0.3536 0.2980 0.3484;
        ("s7") 0.1630 0.5019 0.3351;
}

probability( "a1" | "v1159" ) {
        ("s0") 0.3072 0.3451 0.3477;
        ("s1") 0.3449 0.3493 0.3058;
        ("s2") 0.2033 0.4865 0.3101;
        ("s3") 0.2088 0.7912 0.0000;
        ("s4") 0.3192 0.3375 0.3433;
        ("s5") 0.3371 0.3342 0.3286;
        ("s6") 0.4309 0.2662 0.3029;
        ("s7") 0.2597 0.4039 0.3363;
}

//Loglikelihood:  0.0
//Score        :  0.98
//LoglikelihoodOfPreviousModel:  -56543.79012145299
