// HNB model in the BIF format
// Produced by the HNB package

network "HLCM246640" {}

variable "v0" { 
      type discrete[3] { "s0" "s1" "s2" }
}

variable "v229" { 
      type discrete[3] { "s0" "s1" "s2" }
}

variable "v8" { 
      type discrete[3] { "s0" "s1" "s2" }
}

variable "v9" { 
      type discrete[3] { "s0" "s1" "s2" }
}

variable "v234" { 
      type discrete[4] { "s0" "s1" "s2" "s3" }
}

variable "v4" { 
      type discrete[3] { "s0" "s1" "s2" }
}

variable "v212" { 
      type discrete[3] { "s0" "s1" "s2" }
}

variable "v6" { 
      type discrete[3] { "s0" "s1" "s2" }
}

variable "v7" { 
      type discrete[3] { "s0" "s1" "s2" }
}

variable "v2" { 
      type discrete[3] { "s0" "s1" "s2" }
}

probability( "v0" ) {
      table  0.3240 0.4044 0.2716;
}

probability( "v229" | "v0" ) {
        ("s0") 0.5458 0.1553 0.2989;
        ("s1") 0.0899 0.6335 0.2765;
        ("s2") 0.3133 0.3906 0.2960;
}

probability( "v8" | "v229" ) {
        ("s0") 0.4519 0.3750 0.1731;
        ("s1") 0.1281 0.2475 0.6244;
        ("s2") 0.1768 0.2371 0.5861;
}

probability( "v9" | "v229" ) {
        ("s0") 0.0898 0.7573 0.1529;
        ("s1") 0.3458 0.5571 0.0970;
        ("s2") 0.8081 0.0279 0.1640;
}

probability( "v234" | "v0" ) {
        ("s0") 0.0567 0.3025 0.0034 0.6374;
        ("s1") 0.3538 0.2021 0.1677 0.2764;
        ("s2") 0.1231 0.0013 0.8723 0.0033;
}

probability( "v4" | "v234" ) {
        ("s0") 0.3679 0.5233 0.1088;
        ("s1") 0.4746 0.0403 0.4850;
        ("s2") 0.4559 0.0381 0.5060;
        ("s3") 0.3604 0.5108 0.1288;
}

probability( "v212" | "v234" ) {
        ("s0") 0.0606 0.4329 0.5065;
        ("s1") 0.6182 0.0445 0.3373;
        ("s2") 0.5903 0.0277 0.3820;
        ("s3") 0.0874 0.4020 0.5106;
}

probability( "v6" | "v212" ) {
        ("s0") 0.0082 0.5676 0.4243;
        ("s1") 0.0652 0.5261 0.4087;
        ("s2") 0.5324 0.1100 0.3576;
}

probability( "v7" | "v212" ) {
        ("s0") 0.1533 0.4998 0.3470;
        ("s1") 0.0215 0.2839 0.6946;
        ("s2") 0.3308 0.0252 0.6440;
}

probability( "v2" | "v234" ) {
        ("s0") 0.0645 0.2981 0.6374;
        ("s1") 0.5372 0.4009 0.0620;
        ("s2") 0.0849 0.1900 0.7251;
        ("s3") 0.6357 0.3614 0.0030;
}

//Loglikelihood:  -707264.4100428218
//Score        :  -707638.5801204334
//LoglikelihoodOfPreviousModel:  -309035.3797200198
