// HNB model in the BIF format
// Produced by the HNB package

network "HLCM478191" {}

variable "v0" { 
      type discrete[3] { "s0" "s1" "s2" }
}

variable "v229" { 
      type discrete[3] { "s0" "s1" "s2" }
}

variable "v8" { 
      type discrete[3] { "s0" "s1" "s2" }
}

variable "v9" { 
      type discrete[3] { "s0" "s1" "s2" }
}

variable "v247" { 
      type discrete[3] { "s0" "s1" "s2" }
}

variable "v2" { 
      type discrete[3] { "s0" "s1" "s2" }
}

variable "v234" { 
      type discrete[2] { "s0" "s1" }
}

variable "v245" { 
      type discrete[3] { "s0" "s1" "s2" }
}

variable "v4" { 
      type discrete[3] { "s0" "s1" "s2" }
}

variable "v212" { 
      type discrete[3] { "s0" "s1" "s2" }
}

variable "v6" { 
      type discrete[3] { "s0" "s1" "s2" }
}

variable "v7" { 
      type discrete[3] { "s0" "s1" "s2" }
}

probability( "v0" ) {
      table  0.3240 0.4044 0.2716;
}

probability( "v229" | "v0" ) {
        ("s0") 0.0584 0.3834 0.5583;
        ("s1") 0.4934 0.4351 0.0715;
        ("s2") 0.2695 0.4196 0.3109;
}

probability( "v8" | "v229" ) {
        ("s0") 0.1404 0.2541 0.6055;
        ("s1") 0.1607 0.2372 0.6022;
        ("s2") 0.4461 0.3746 0.1793;
}

probability( "v9" | "v229" ) {
        ("s0") 0.2735 0.6311 0.0954;
        ("s1") 0.7088 0.1479 0.1433;
        ("s2") 0.1012 0.7428 0.1560;
}

probability( "v247" | "v0" ) {
        ("s0") 0.1565 0.8434 0.0001;
        ("s1") 0.9031 0.0774 0.0195;
        ("s2") 0.0102 0.0005 0.9893;
}

probability( "v2" | "v247" ) {
        ("s0") 0.2898 0.3313 0.3789;
        ("s1") 0.6353 0.3644 0.0003;
        ("s2") 0.0840 0.1952 0.7207;
}

probability( "v234" | "v247" ) {
        ("s0") 0.7523 0.2477;
        ("s1") 0.8234 0.1766;
        ("s2") 0.0134 0.9866;
}

probability( "v245" | "v234" ) {
        ("s0") 0.3576 0.2191 0.4232;
        ("s1") 0.0816 0.8652 0.0532;
}

probability( "v4" | "v245" ) {
        ("s0") 0.3067 0.5630 0.1303;
        ("s1") 0.4619 0.0210 0.5171;
        ("s2") 0.4120 0.5267 0.0614;
}

probability( "v212" | "v245" ) {
        ("s0") 0.4318 0.4127 0.1555;
        ("s1") 0.2369 0.2680 0.4952;
        ("s2") 0.1553 0.5824 0.2624;
}

probability( "v6" | "v212" ) {
        ("s0") 0.5974 0.0500 0.3526;
        ("s1") 0.2466 0.3664 0.3870;
        ("s2") 0.0000 0.5749 0.4251;
}

probability( "v7" | "v212" ) {
        ("s0") 0.4916 0.0266 0.4818;
        ("s1") 0.0106 0.0768 0.9126;
        ("s2") 0.1936 0.5822 0.2242;
}

//Loglikelihood:  -707186.1165484926
//Score        :  -707548.7737006391
//LoglikelihoodOfPreviousModel:  -309037.95886709355
