// HNB model in the BIF format
// Produced by the HNB package

network "HLCM634530" {}

variable "v0" { 
      type discrete[3] { "s0" "s1" "s2" }
}

variable "v2" { 
      type discrete[3] { "s0" "s1" "s2" }
}

variable "v252" { 
      type discrete[3] { "s0" "s1" "s2" }
}

variable "v229" { 
      type discrete[2] { "s0" "s1" }
}

variable "v8" { 
      type discrete[3] { "s0" "s1" "s2" }
}

variable "v9" { 
      type discrete[3] { "s0" "s1" "s2" }
}

variable "v234" { 
      type discrete[2] { "s0" "s1" }
}

variable "v4" { 
      type discrete[3] { "s0" "s1" "s2" }
}

variable "v212" { 
      type discrete[3] { "s0" "s1" "s2" }
}

variable "v6" { 
      type discrete[3] { "s0" "s1" "s2" }
}

variable "v7" { 
      type discrete[3] { "s0" "s1" "s2" }
}

probability( "v0" ) {
      table  0.3240 0.4044 0.2716;
}

probability( "v2" | "v0" ) {
        ("s0") 0.5812 0.3592 0.0597;
        ("s1") 0.3126 0.3313 0.3561;
        ("s2") 0.0863 0.1967 0.7170;
}

probability( "v252" | "v0" ) {
        ("s0") 0.0545 0.7306 0.2149;
        ("s1") 0.0710 0.0667 0.8623;
        ("s2") 0.8553 0.0637 0.0811;
}

probability( "v229" | "v252" ) {
        ("s0") 0.7555 0.2445;
        ("s1") 0.4445 0.5555;
        ("s2") 0.9741 0.0259;
}

probability( "v8" | "v229" ) {
        ("s0") 0.1402 0.2392 0.6206;
        ("s1") 0.5584 0.4230 0.0187;
}

probability( "v9" | "v229" ) {
        ("s0") 0.4847 0.3907 0.1246;
        ("s1") 0.1384 0.7011 0.1605;
}

probability( "v234" | "v252" ) {
        ("s0") 0.9549 0.0451;
        ("s1") 0.3241 0.6759;
        ("s2") 0.3787 0.6213;
}

probability( "v4" | "v234" ) {
        ("s0") 0.4603 0.0280 0.5118;
        ("s1") 0.3581 0.5656 0.0762;
}

probability( "v212" | "v234" ) {
        ("s0") 0.4034 0.1853 0.4112;
        ("s1") 0.6034 0.2297 0.1670;
}

probability( "v6" | "v212" ) {
        ("s0") 0.2425 0.3676 0.3899;
        ("s1") 0.6327 0.0196 0.3477;
        ("s2") 0.0000 0.5755 0.4245;
}

probability( "v7" | "v212" ) {
        ("s0") 0.0264 0.0920 0.8816;
        ("s1") 0.5726 0.0034 0.4241;
        ("s2") 0.2363 0.6621 0.1016;
}

//Loglikelihood:  -707282.2119268993
//Score        :  -707558.5221380586
//LoglikelihoodOfPreviousModel:  -201390.77286651343
