// HNB model in the BIF format
// Produced by the HNB package

network "HLCM102047" {}

variable "v0" { 
      type discrete[3] { "s0" "s1" "s2" }
}

variable "v4" { 
      type discrete[3] { "s0" "s1" "s2" }
}

variable "v2" { 
      type discrete[3] { "s0" "s1" "s2" }
}

variable "v212" { 
      type discrete[3] { "s0" "s1" "s2" }
}

variable "v6" { 
      type discrete[3] { "s0" "s1" "s2" }
}

variable "v7" { 
      type discrete[3] { "s0" "s1" "s2" }
}

variable "v229" { 
      type discrete[3] { "s0" "s1" "s2" }
}

variable "v8" { 
      type discrete[3] { "s0" "s1" "s2" }
}

variable "v9" { 
      type discrete[3] { "s0" "s1" "s2" }
}

probability( "v0" ) {
      table  0.3240 0.4044 0.2716;
}

probability( "v4" | "v0" ) {
        ("s0") 0.3971 0.3676 0.2352;
        ("s1") 0.4015 0.3408 0.2578;
        ("s2") 0.4441 0.0995 0.4564;
}

probability( "v2" | "v0" ) {
        ("s0") 0.5812 0.3592 0.0597;
        ("s1") 0.3126 0.3313 0.3561;
        ("s2") 0.0863 0.1967 0.7170;
}

probability( "v212" | "v0" ) {
        ("s0") 0.2040 0.3371 0.4589;
        ("s1") 0.2110 0.3375 0.4515;
        ("s2") 0.4507 0.1479 0.4014;
}

probability( "v6" | "v212" ) {
        ("s0") 0.0109 0.5636 0.4255;
        ("s1") 0.0709 0.5203 0.4088;
        ("s2") 0.5185 0.1226 0.3589;
}

probability( "v7" | "v212" ) {
        ("s0") 0.1524 0.5277 0.3199;
        ("s1") 0.0383 0.3170 0.6448;
        ("s2") 0.3371 0.0153 0.6477;
}

probability( "v229" | "v0" ) {
        ("s0") 0.4325 0.1400 0.4276;
        ("s1") 0.3444 0.5558 0.0998;
        ("s2") 0.3947 0.3463 0.2591;
}

probability( "v8" | "v229" ) {
        ("s0") 0.2337 0.2565 0.5098;
        ("s1") 0.0732 0.2329 0.6939;
        ("s2") 0.4885 0.3953 0.1162;
}

probability( "v9" | "v229" ) {
        ("s0") 0.6639 0.1801 0.1560;
        ("s1") 0.3968 0.5050 0.0982;
        ("s2") 0.0078 0.8437 0.1485;
}

//Loglikelihood:  -707899.3413113158
//Score        :  -708187.1644479401
//LoglikelihoodOfPreviousModel:  -212893.7973434664
