// HNB model in the BIF format
// Produced by the HNB package

network "HLCM649739" {}

variable "v0" { 
      type discrete[3] { "s0" "s1" "s2" }
}

variable "v2" { 
      type discrete[3] { "s0" "s1" "s2" }
}

variable "v229" { 
      type discrete[3] { "s0" "s1" "s2" }
}

variable "v8" { 
      type discrete[3] { "s0" "s1" "s2" }
}

variable "v9" { 
      type discrete[3] { "s0" "s1" "s2" }
}

variable "v234" { 
      type discrete[2] { "s0" "s1" }
}

variable "v254" { 
      type discrete[2] { "s0" "s1" }
}

variable "v4" { 
      type discrete[3] { "s0" "s1" "s2" }
}

variable "v212" { 
      type discrete[3] { "s0" "s1" "s2" }
}

variable "v6" { 
      type discrete[3] { "s0" "s1" "s2" }
}

variable "v7" { 
      type discrete[3] { "s0" "s1" "s2" }
}

probability( "v0" ) {
      table  0.3240 0.4044 0.2716;
}

probability( "v2" | "v0" ) {
        ("s0") 0.5812 0.3592 0.0597;
        ("s1") 0.3126 0.3313 0.3561;
        ("s2") 0.0863 0.1967 0.7170;
}

probability( "v229" | "v0" ) {
        ("s0") 0.4926 0.0936 0.4138;
        ("s1") 0.0487 0.7458 0.2055;
        ("s2") 0.2665 0.4164 0.3170;
}

probability( "v8" | "v229" ) {
        ("s0") 0.5440 0.4419 0.0140;
        ("s1") 0.1668 0.2734 0.5598;
        ("s2") 0.0909 0.1637 0.7454;
}

probability( "v9" | "v229" ) {
        ("s0") 0.1771 0.6666 0.1564;
        ("s1") 0.4507 0.4379 0.1114;
        ("s2") 0.5207 0.3337 0.1456;
}

probability( "v234" | "v0" ) {
        ("s0") 0.2925 0.7075;
        ("s1") 0.3578 0.6422;
        ("s2") 0.9673 0.0327;
}

probability( "v254" | "v234" ) {
        ("s0") 0.1077 0.8923;
        ("s1") 0.8424 0.1576;
}

probability( "v4" | "v254" ) {
        ("s0") 0.3576 0.5690 0.0734;
        ("s1") 0.4603 0.0275 0.5122;
}

probability( "v212" | "v254" ) {
        ("s0") 0.0669 0.4492 0.4839;
        ("s1") 0.4211 0.3431 0.2358;
}

probability( "v6" | "v212" ) {
        ("s0") 0.0030 0.5709 0.4261;
        ("s1") 0.5427 0.1007 0.3566;
        ("s2") 0.1056 0.4891 0.4053;
}

probability( "v7" | "v212" ) {
        ("s0") 0.2005 0.5743 0.2252;
        ("s1") 0.3613 0.0053 0.6335;
        ("s2") 0.0231 0.2668 0.7100;
}

//Loglikelihood:  -707175.9992392426
//Score        :  -707469.5788385994
//LoglikelihoodOfPreviousModel:  -201390.77286651343
