// HNB model in the BIF format
// Produced by the HNB package

network "HLCM201809" {}

variable "v0" { 
      type discrete[3] { "s0" "s1" "s2" }
}

variable "v4" { 
      type discrete[3] { "s0" "s1" "s2" }
}

variable "v212" { 
      type discrete[3] { "s0" "s1" "s2" }
}

variable "v6" { 
      type discrete[3] { "s0" "s1" "s2" }
}

variable "v7" { 
      type discrete[3] { "s0" "s1" "s2" }
}

variable "v237" { 
      type discrete[3] { "s0" "s1" "s2" }
}

variable "v2" { 
      type discrete[3] { "s0" "s1" "s2" }
}

variable "v229" { 
      type discrete[4] { "s0" "s1" "s2" "s3" }
}

variable "v8" { 
      type discrete[3] { "s0" "s1" "s2" }
}

variable "v9" { 
      type discrete[3] { "s0" "s1" "s2" }
}

probability( "v0" ) {
      table  0.3240 0.4044 0.2716;
}

probability( "v4" | "v0" ) {
        ("s0") 0.3971 0.3676 0.2352;
        ("s1") 0.4015 0.3408 0.2578;
        ("s2") 0.4441 0.0995 0.4564;
}

probability( "v212" | "v0" ) {
        ("s0") 0.3914 0.2982 0.3103;
        ("s1") 0.4001 0.2928 0.3071;
        ("s2") 0.5836 0.1200 0.2964;
}

probability( "v6" | "v212" ) {
        ("s0") 0.0179 0.5578 0.4244;
        ("s1") 0.2014 0.4145 0.3841;
        ("s2") 0.6345 0.0164 0.3491;
}

probability( "v7" | "v212" ) {
        ("s0") 0.1610 0.4698 0.3692;
        ("s1") 0.0494 0.1166 0.8339;
        ("s2") 0.3829 0.0094 0.6077;
}

probability( "v237" | "v0" ) {
        ("s0") 0.0226 0.0007 0.9767;
        ("s1") 0.1504 0.7380 0.1116;
        ("s2") 0.9565 0.0407 0.0027;
}

probability( "v2" | "v237" ) {
        ("s0") 0.0750 0.1898 0.7352;
        ("s1") 0.3194 0.3541 0.3265;
        ("s2") 0.5923 0.3638 0.0439;
}

probability( "v229" | "v237" ) {
        ("s0") 0.3737 0.2695 0.0607 0.2960;
        ("s1") 0.6413 0.0135 0.2230 0.1221;
        ("s2") 0.2254 0.4235 0.0377 0.3135;
}

probability( "v8" | "v229" ) {
        ("s0") 0.0598 0.2060 0.7341;
        ("s1") 0.5397 0.4294 0.0309;
        ("s2") 0.2570 0.3644 0.3785;
        ("s3") 0.2233 0.2273 0.5494;
}

probability( "v9" | "v229" ) {
        ("s0") 0.4068 0.4814 0.1118;
        ("s1") 0.0810 0.7681 0.1509;
        ("s2") 0.6295 0.2882 0.0823;
        ("s3") 0.6225 0.2065 0.1709;
}

//Loglikelihood:  -707889.9825449521
//Score        :  -708252.6396970986
//LoglikelihoodOfPreviousModel:  -212893.7973434664
