// HNB model in the BIF format
// Produced by the HNB package

network "HLCM438629" {}

variable "v0" { 
      type discrete[3] { "s0" "s1" "s2" }
}

variable "v2" { 
      type discrete[3] { "s0" "s1" "s2" }
}

variable "v229" { 
      type discrete[3] { "s0" "s1" "s2" }
}

variable "v8" { 
      type discrete[3] { "s0" "s1" "s2" }
}

variable "v9" { 
      type discrete[3] { "s0" "s1" "s2" }
}

variable "v234" { 
      type discrete[2] { "s0" "s1" }
}

variable "v245" { 
      type discrete[2] { "s0" "s1" }
}

variable "v4" { 
      type discrete[3] { "s0" "s1" "s2" }
}

variable "v212" { 
      type discrete[3] { "s0" "s1" "s2" }
}

variable "v6" { 
      type discrete[3] { "s0" "s1" "s2" }
}

variable "v7" { 
      type discrete[3] { "s0" "s1" "s2" }
}

probability( "v0" ) {
      table  0.3240 0.4044 0.2716;
}

probability( "v2" | "v0" ) {
        ("s0") 0.5812 0.3592 0.0597;
        ("s1") 0.3126 0.3313 0.3561;
        ("s2") 0.0863 0.1967 0.7170;
}

probability( "v229" | "v0" ) {
        ("s0") 0.2988 0.4336 0.2677;
        ("s1") 0.2366 0.0384 0.7251;
        ("s2") 0.2831 0.2332 0.4837;
}

probability( "v8" | "v229" ) {
        ("s0") 0.1571 0.2069 0.6360;
        ("s1") 0.5332 0.4155 0.0513;
        ("s2") 0.1555 0.2654 0.5792;
}

probability( "v9" | "v229" ) {
        ("s0") 0.6255 0.2039 0.1706;
        ("s1") 0.1105 0.7304 0.1591;
        ("s2") 0.4114 0.4865 0.1021;
}

probability( "v234" | "v0" ) {
        ("s0") 0.3599 0.6401;
        ("s1") 0.4085 0.5915;
        ("s2") 0.8640 0.1360;
}

probability( "v245" | "v234" ) {
        ("s0") 0.9693 0.0307;
        ("s1") 0.1395 0.8605;
}

probability( "v4" | "v245" ) {
        ("s0") 0.4641 0.0070 0.5289;
        ("s1") 0.3426 0.6481 0.0092;
}

probability( "v212" | "v234" ) {
        ("s0") 0.3036 0.4996 0.1968;
        ("s1") 0.3971 0.2040 0.3989;
}

probability( "v6" | "v212" ) {
        ("s0") 0.6174 0.0327 0.3499;
        ("s1") 0.0001 0.5748 0.4251;
        ("s2") 0.1226 0.4776 0.3998;
}

probability( "v7" | "v212" ) {
        ("s0") 0.3612 0.0357 0.6031;
        ("s1") 0.2078 0.5580 0.2343;
        ("s2") 0.0033 0.1031 0.8936;
}

//Loglikelihood:  -707182.3465336119
//Score        :  -707475.9261329686
//LoglikelihoodOfPreviousModel:  -201390.77286651343
