// HNB model in the BIF format
// Produced by the HNB package

network "HLCM628422" {}

variable "class" { 
      type discrete[2] { "s0" "s1" }
}

variable "v114" { 
      type discrete[4] { "s0" "s1" "s2" "s3" }
}

variable "a3" { 
      type discrete[2] { "s0" "s1" }
}

variable "v77" { 
      type discrete[8] { "s0" "s1" "s2" "s3" "s4" "s5" "s6" "s7" }
}

variable "a2" { 
      type discrete[3] { "s0" "s1" "s2" }
}

variable "a5" { 
      type discrete[4] { "s0" "s1" "s2" "s3" }
}

variable "a4" { 
      type discrete[3] { "s0" "s1" "s2" }
}

variable "a1" { 
      type discrete[3] { "s0" "s1" "s2" }
}

variable "a6" { 
      type discrete[2] { "s0" "s1" }
}

probability( "class" ) {
      table  0.4870 0.5130;
}

probability( "v114" | "class" ) {
        ("s0") 0.0000 0.5143 0.0000 0.4857;
        ("s1") 0.2511 0.0000 0.7489 0.0000;
}

probability( "a3" | "v114" ) {
        ("s0") 0.9702 0.0298;
        ("s1") 0.0724 0.9276;
        ("s2") 0.3580 0.6420;
        ("s3") 0.9993 0.0007;
}

probability( "v77" | "v114" ) {
        ("s0") 0.0000 0.0008 0.0697 0.9139 0.0000 0.0156 0.0000 0.0000;
        ("s1") 0.1860 0.0000 0.0000 0.0000 0.1519 0.0000 0.1938 0.4684;
        ("s2") 0.0000 0.0058 0.0529 0.9413 0.0000 0.0000 0.0000 0.0000;
        ("s3") 0.1508 0.0424 0.0000 0.0000 0.1256 0.0000 0.2611 0.4201;
}

probability( "a2" | "v77" ) {
        ("s0") 0.0000 0.0000 1.0000;
        ("s1") 0.1980 0.8020 0.0000;
        ("s2") 0.0000 0.1104 0.8896;
        ("s3") 0.4882 0.5118 0.0000;
        ("s4") 0.1045 0.7829 0.1126;
        ("s5") 0.0000 0.0000 1.0000;
        ("s6") 0.7171 0.2823 0.0006;
        ("s7") 0.0000 0.0000 1.0000;
}

probability( "a5" | "v77" ) {
        ("s0") 0.0003 0.1439 0.7554 0.1004;
        ("s1") 0.0000 0.2029 0.7971 0.0000;
        ("s2") 0.0000 0.0000 1.0000 0.0000;
        ("s3") 0.3428 0.3417 0.3155 0.0000;
        ("s4") 0.0000 0.0000 0.0000 1.0000;
        ("s5") 0.0000 0.0000 0.0000 1.0000;
        ("s6") 0.0000 0.0000 0.0000 1.0000;
        ("s7") 0.3513 0.3246 0.0000 0.3241;
}

probability( "a4" | "v77" ) {
        ("s0") 0.0000 0.5516 0.4484;
        ("s1") 0.1992 0.4005 0.4003;
        ("s2") 1.0000 0.0000 0.0000;
        ("s3") 0.3184 0.3325 0.3492;
        ("s4") 0.3582 0.2082 0.4336;
        ("s5") 1.0000 0.0000 0.0000;
        ("s6") 0.3504 0.3596 0.2900;
        ("s7") 0.3848 0.2731 0.3421;
}

probability( "a1" | "v77" ) {
        ("s0") 0.3213 0.3480 0.3307;
        ("s1") 0.4013 0.5987 0.0000;
        ("s2") 0.3102 0.3128 0.3769;
        ("s3") 0.3511 0.3082 0.3407;
        ("s4") 0.3442 0.3375 0.3183;
        ("s5") 0.0000 0.0000 1.0000;
        ("s6") 0.3238 0.3243 0.3519;
        ("s7") 0.3548 0.3372 0.3080;
}

probability( "a6" | "v77" ) {
        ("s0") 0.4477 0.5523;
        ("s1") 0.7968 0.2032;
        ("s2") 0.5399 0.4601;
        ("s3") 0.4732 0.5268;
        ("s4") 0.5603 0.4397;
        ("s5") 1.0000 0.0000;
        ("s6") 0.4569 0.5431;
        ("s7") 0.5599 0.4401;
}

//Loglikelihood:  0.0
//Score        :  1.0
//LoglikelihoodOfPreviousModel:  -246103.63264066624
