// HNB model in the BIF format
// Produced by the HNB package

network "HLCM3739527" {}

variable "class" { 
      type discrete[2] { "s0" "s1" }
}

variable "a6" { 
      type discrete[2] { "s0" "s1" }
}

variable "v787" { 
      type discrete[3] { "s0" "s1" "s2" }
}

variable "a3" { 
      type discrete[2] { "s0" "s1" }
}

variable "v758" { 
      type discrete[9] { "s0" "s1" "s2" "s3" "s4" "s5" "s6" "s7" "s8" }
}

variable "a2" { 
      type discrete[3] { "s0" "s1" "s2" }
}

variable "a5" { 
      type discrete[4] { "s0" "s1" "s2" "s3" }
}

variable "a4" { 
      type discrete[3] { "s0" "s1" "s2" }
}

variable "a1" { 
      type discrete[3] { "s0" "s1" "s2" }
}

probability( "class" ) {
      table  0.4911 0.5089;
}

probability( "a6" | "class" ) {
        ("s0") 0.5081 0.4919;
        ("s1") 0.4981 0.5019;
}

probability( "v787" | "class" ) {
        ("s0") 0.4556 0.5444 0.0000;
        ("s1") 0.0000 0.0000 1.0000;
}

probability( "a3" | "v787" ) {
        ("s0") 1.0000 0.0000;
        ("s1") 0.0668 0.9332;
        ("s2") 0.5058 0.4942;
}

probability( "v758" | "v787" ) {
        ("s0") 0.0000 0.1564 0.3963 0.0000 0.1572 0.0177 0.0000 0.0821 0.1903;
        ("s1") 0.0000 0.2238 0.4326 0.0000 0.2328 0.0000 0.0000 0.0000 0.1107;
        ("s2") 0.0604 0.0000 0.0000 0.4210 0.0000 0.0202 0.4984 0.0000 0.0000;
}

probability( "a2" | "v758" ) {
        ("s0") 0.0000 0.2272 0.7728;
        ("s1") 0.0000 0.0000 1.0000;
        ("s2") 0.4068 0.3464 0.2467;
        ("s3") 0.4463 0.5537 0.0000;
        ("s4") 0.0000 0.0000 1.0000;
        ("s5") 0.0000 1.0000 0.0000;
        ("s6") 0.5442 0.4558 0.0000;
        ("s7") 0.4335 0.5665 0.0000;
        ("s8") 0.0000 0.0000 1.0000;
}

probability( "a5" | "v758" ) {
        ("s0") 0.0000 0.0000 0.9356 0.0644;
        ("s1") 0.2306 0.2924 0.2909 0.1861;
        ("s2") 0.0000 0.0000 0.0000 1.0000;
        ("s3") 0.4144 0.2646 0.3209 0.0000;
        ("s4") 0.4613 0.3645 0.0000 0.1742;
        ("s5") 0.0000 0.6345 0.3655 0.0000;
        ("s6") 0.3213 0.4045 0.2742 0.0000;
        ("s7") 0.0000 0.0000 0.3236 0.6764;
        ("s8") 0.2815 0.2761 0.4134 0.0290;
}

probability( "a4" | "v758" ) {
        ("s0") 1.0000 0.0000 0.0000;
        ("s1") 0.0000 0.5093 0.4907;
        ("s2") 0.3454 0.3706 0.2840;
        ("s3") 0.0049 0.3608 0.6343;
        ("s4") 0.7604 0.0002 0.2395;
        ("s5") 0.0000 1.0000 0.0000;
        ("s6") 0.6084 0.2481 0.1435;
        ("s7") 0.4266 0.0000 0.5734;
        ("s8") 0.0000 0.5858 0.4142;
}

probability( "a1" | "v758" ) {
        ("s0") 0.3381 0.3191 0.3428;
        ("s1") 0.1301 0.2931 0.5768;
        ("s2") 0.3679 0.3051 0.3270;
        ("s3") 0.3999 0.2784 0.3217;
        ("s4") 0.3848 0.3263 0.2890;
        ("s5") 0.5603 0.4397 0.0000;
        ("s6") 0.3392 0.3417 0.3191;
        ("s7") 0.3172 0.6828 0.0000;
        ("s8") 0.4647 0.4690 0.0662;
}

//Loglikelihood:  0.0
//Score        :  1.0
//LoglikelihoodOfPreviousModel:  -56697.10385361406
