// HNB model in the BIF format
// Produced by the HNB package

network "HLCM1094586" {}

variable "class" { 
      type discrete[2] { "s0" "s1" }
}

variable "a6" { 
      type discrete[2] { "s0" "s1" }
}

variable "v212" { 
      type discrete[9] { "s0" "s1" "s2" "s3" "s4" "s5" "s6" "s7" "s8" }
}

variable "a2" { 
      type discrete[3] { "s0" "s1" "s2" }
}

variable "a5" { 
      type discrete[4] { "s0" "s1" "s2" "s3" }
}

variable "a4" { 
      type discrete[3] { "s0" "s1" "s2" }
}

variable "a1" { 
      type discrete[3] { "s0" "s1" "s2" }
}

variable "a3" { 
      type discrete[2] { "s0" "s1" }
}

probability( "class" ) {
      table  0.4807 0.5193;
}

probability( "a6" | "class" ) {
        ("s0") 0.4937 0.5063;
        ("s1") 0.4961 0.5039;
}

probability( "v212" | "class" ) {
        ("s0") 0.0000 0.0336 0.0042 0.0000 0.0000 0.3665 0.4463 0.0000 0.1494;
        ("s1") 0.0948 0.0000 0.0000 0.4305 0.0508 0.0000 0.0000 0.4239 0.0000;
}

probability( "a2" | "v212" ) {
        ("s0") 0.3719 0.6281 0.0000;
        ("s1") 0.0000 0.3763 0.6237;
        ("s2") 1.0000 0.0000 0.0000;
        ("s3") 0.4931 0.5069 0.0000;
        ("s4") 0.0000 0.0000 1.0000;
        ("s5") 0.4835 0.4375 0.0790;
        ("s6") 0.0000 0.0000 1.0000;
        ("s7") 0.5034 0.4966 0.0000;
        ("s8") 0.0000 0.0000 1.0000;
}

probability( "a5" | "v212" ) {
        ("s0") 0.3606 0.0007 0.6387 0.0000;
        ("s1") 0.0000 0.4106 0.5894 0.0000;
        ("s2") 0.0000 0.0000 1.0000 0.0000;
        ("s3") 0.6355 0.1081 0.2564 0.0000;
        ("s4") 0.0000 0.0000 0.9231 0.0769;
        ("s5") 0.0000 0.0000 0.0000 1.0000;
        ("s6") 0.3781 0.3136 0.0000 0.3083;
        ("s7") 0.0296 0.6549 0.3155 0.0000;
        ("s8") 0.0002 0.1006 0.7148 0.1844;
}

probability( "a4" | "v212" ) {
        ("s0") 0.4241 0.5641 0.0118;
        ("s1") 0.0000 0.4816 0.5184;
        ("s2") 1.0000 0.0000 0.0000;
        ("s3") 0.2496 0.3376 0.4128;
        ("s4") 1.0000 0.0000 0.0000;
        ("s5") 0.3251 0.3254 0.3495;
        ("s6") 0.3948 0.2838 0.3213;
        ("s7") 0.3888 0.2866 0.3246;
        ("s8") 0.0000 0.5049 0.4951;
}

probability( "a1" | "v212" ) {
        ("s0") 0.1078 0.4809 0.4113;
        ("s1") 0.0000 1.0000 0.0000;
        ("s2") 1.0000 0.0000 0.0000;
        ("s3") 0.4012 0.3076 0.2912;
        ("s4") 0.3077 0.2308 0.4615;
        ("s5") 0.3380 0.3512 0.3108;
        ("s6") 0.3315 0.3049 0.3635;
        ("s7") 0.4162 0.3081 0.2757;
        ("s8") 0.3835 0.2902 0.3263;
}

probability( "a3" | "v212" ) {
        ("s0") 0.4545 0.5455;
        ("s1") 1.0000 0.0000;
        ("s2") 1.0000 0.0000;
        ("s3") 0.5012 0.4988;
        ("s4") 0.6923 0.3077;
        ("s5") 0.5103 0.4897;
        ("s6") 0.4673 0.5327;
        ("s7") 0.5319 0.4681;
        ("s8") 0.4879 0.5121;
}

//Loglikelihood:  0.0
//Score        :  0.9836065573770492
//LoglikelihoodOfPreviousModel:  -55327.058355552275
