// HNB model in the BIF format
// Produced by the HNB package

network "HLCM5034524" {}

variable "class" { 
      type discrete[2] { "s0" "s1" }
}

variable "v1019" { 
      type discrete[13] { "s0" "s1" "s2" "s3" "s4" "s5" "s6" "s7" "s8" "s9" "s10" "s11" "s12" }
}

variable "a2" { 
      type discrete[3] { "s0" "s1" "s2" }
}

variable "a5" { 
      type discrete[4] { "s0" "s1" "s2" "s3" }
}

variable "a1" { 
      type discrete[3] { "s0" "s1" "s2" }
}

variable "a3" { 
      type discrete[2] { "s0" "s1" }
}

variable "v1078" { 
      type discrete[3] { "s0" "s1" "s2" }
}

variable "a4" { 
      type discrete[3] { "s0" "s1" "s2" }
}

variable "a6" { 
      type discrete[2] { "s0" "s1" }
}

probability( "class" ) {
      table  0.4612 0.5388;
}

probability( "v1019" | "class" ) {
        ("s0") 0.0049 0.0000 0.0000 0.0000 0.1684 0.0000 0.0429 0.2275 0.0000 0.3496 0.0000 0.0000 0.2066;
        ("s1") 0.0000 0.3910 0.0499 0.1736 0.0000 0.1021 0.0000 0.0000 0.1343 0.0000 0.0846 0.0646 0.0000;
}

probability( "a2" | "v1019" ) {
        ("s0") 0.9996 0.0000 0.0004;
        ("s1") 0.4306 0.5694 0.0000;
        ("s2") 0.5196 0.4804 0.0000;
        ("s3") 0.4526 0.5474 0.0000;
        ("s4") 0.0000 0.0000 1.0000;
        ("s5") 0.5856 0.4144 0.0000;
        ("s6") 0.0000 0.4021 0.5979;
        ("s7") 0.0000 0.0000 1.0000;
        ("s8") 0.5915 0.4085 0.0000;
        ("s9") 0.5284 0.4438 0.0277;
        ("s10") 0.7123 0.2877 0.0000;
        ("s11") 0.0000 0.1426 0.8574;
        ("s12") 0.0000 0.0000 1.0000;
}

probability( "a5" | "v1019" ) {
        ("s0") 0.0000 0.0000 0.8767 0.1233;
        ("s1") 0.2854 0.4726 0.2420 0.0000;
        ("s2") 0.2343 0.6933 0.0724 0.0000;
        ("s3") 0.3214 0.0214 0.6572 0.0000;
        ("s4") 0.3106 0.5389 0.0141 0.1363;
        ("s5") 0.6471 0.0000 0.3529 0.0000;
        ("s6") 0.0000 0.2282 0.7718 0.0000;
        ("s7") 0.1738 0.0294 0.4313 0.3655;
        ("s8") 0.2767 0.5116 0.2118 0.0000;
        ("s9") 0.0000 0.0000 0.0000 1.0000;
        ("s10") 0.5890 0.1277 0.2834 0.0000;
        ("s11") 0.0000 0.0000 0.9428 0.0572;
        ("s12") 0.3690 0.3363 0.0000 0.2948;
}

probability( "a1" | "v1019" ) {
        ("s0") 1.0000 0.0000 0.0000;
        ("s1") 0.3820 0.3216 0.2965;
        ("s2") 0.1077 0.6777 0.2146;
        ("s3") 0.2766 0.3666 0.3568;
        ("s4") 0.2452 0.3663 0.3885;
        ("s5") 0.5295 0.1479 0.3226;
        ("s6") 0.3753 0.6247 0.0000;
        ("s7") 0.3451 0.3232 0.3316;
        ("s8") 0.5621 0.0000 0.4379;
        ("s9") 0.3544 0.3414 0.3042;
        ("s10") 0.0032 0.7604 0.2364;
        ("s11") 0.2783 0.3433 0.3784;
        ("s12") 0.4084 0.2861 0.3055;
}

probability( "a3" | "v1019" ) {
        ("s0") 0.9999 0.0001;
        ("s1") 0.5049 0.4951;
        ("s2") 0.0000 1.0000;
        ("s3") 0.3180 0.6820;
        ("s4") 0.6000 0.4000;
        ("s5") 0.4484 0.5516;
        ("s6") 1.0000 0.0000;
        ("s7") 0.3492 0.6508;
        ("s8") 0.6306 0.3694;
        ("s9") 0.4930 0.5070;
        ("s10") 0.9468 0.0532;
        ("s11") 0.5994 0.4006;
        ("s12") 0.4599 0.5401;
}

probability( "v1078" | "v1019" ) {
        ("s0") 0.0001 0.9999 0.0000;
        ("s1") 0.6403 0.0135 0.3462;
        ("s2") 0.0038 0.9040 0.0922;
        ("s3") 0.4521 0.3944 0.1535;
        ("s4") 0.5188 0.0003 0.4809;
        ("s5") 0.0265 0.1178 0.8557;
        ("s6") 0.2363 0.0000 0.7637;
        ("s7") 0.7185 0.0000 0.2815;
        ("s8") 0.0224 0.9750 0.0025;
        ("s9") 0.3713 0.3278 0.3008;
        ("s10") 0.3354 0.5046 0.1600;
        ("s11") 0.0000 1.0000 0.0000;
        ("s12") 0.0272 0.7981 0.1747;
}

probability( "a4" | "v1078" ) {
        ("s0") 0.0000 0.5198 0.4802;
        ("s1") 1.0000 0.0000 0.0000;
        ("s2") 0.0000 0.4573 0.5427;
}

probability( "a6" | "v1078" ) {
        ("s0") 0.2453 0.7547;
        ("s1") 0.5060 0.4940;
        ("s2") 0.7864 0.2136;
}

//Loglikelihood:  -247500.32841441155
//Score        :  -248370.76163904287
//LoglikelihoodOfPreviousModel:  -247501.746614345
