// HNB model in the BIF format
// Produced by the HNB package

network "HLCM241502" {}

variable "v0" { 
      type discrete[3] { "s0" "s1" "s2" }
}

variable "v2" { 
      type discrete[3] { "s0" "s1" "s2" }
}

variable "v221" { 
      type discrete[3] { "s0" "s1" "s2" }
}

variable "v244" { 
      type discrete[3] { "s0" "s1" "s2" }
}

variable "v8" { 
      type discrete[3] { "s0" "s1" "s2" }
}

variable "v9" { 
      type discrete[3] { "s0" "s1" "s2" }
}

variable "v235" { 
      type discrete[3] { "s0" "s1" "s2" }
}

variable "v4" { 
      type discrete[3] { "s0" "s1" "s2" }
}

variable "v226" { 
      type discrete[2] { "s0" "s1" }
}

variable "v6" { 
      type discrete[3] { "s0" "s1" "s2" }
}

variable "v7" { 
      type discrete[3] { "s0" "s1" "s2" }
}

probability( "v0" ) {
      table  0.2658 0.3528 0.3814;
}

probability( "v2" | "v0" ) {
        ("s0") 0.0745 0.1053 0.8202;
        ("s1") 0.8169 0.1315 0.0516;
        ("s2") 0.0047 0.8584 0.1369;
}

probability( "v221" | "v0" ) {
        ("s0") 0.9736 0.0260 0.0004;
        ("s1") 0.1230 0.8724 0.0046;
        ("s2") 0.0129 0.0840 0.9032;
}

probability( "v244" | "v221" ) {
        ("s0") 0.9592 0.0401 0.0007;
        ("s1") 0.0608 0.9312 0.0080;
        ("s2") 0.0139 0.0420 0.9441;
}

probability( "v8" | "v244" ) {
        ("s0") 0.0648 0.0136 0.9216;
        ("s1") 0.8195 0.0696 0.1109;
        ("s2") 0.0044 0.9935 0.0021;
}

probability( "v9" | "v244" ) {
        ("s0") 0.1429 0.8487 0.0084;
        ("s1") 0.0334 0.0650 0.9015;
        ("s2") 0.1186 0.8473 0.0340;
}

probability( "v235" | "v0" ) {
        ("s0") 0.8667 0.1203 0.0129;
        ("s1") 0.7816 0.2117 0.0067;
        ("s2") 0.0354 0.0785 0.8861;
}

probability( "v4" | "v235" ) {
        ("s0") 0.0173 0.9818 0.0009;
        ("s1") 0.7995 0.1569 0.0436;
        ("s2") 0.0971 0.0564 0.8465;
}

probability( "v226" | "v235" ) {
        ("s0") 0.1071 0.8929;
        ("s1") 0.7335 0.2665;
        ("s2") 0.0945 0.9055;
}

probability( "v6" | "v226" ) {
        ("s0") 0.7958 0.1355 0.0687;
        ("s1") 0.1283 0.8320 0.0398;
}

probability( "v7" | "v226" ) {
        ("s0") 0.1620 0.0534 0.7846;
        ("s1") 0.8266 0.0194 0.1540;
}

//Loglikelihood:  -23362.64109019879
//Score        :  -23596.863902962737
//LoglikelihoodOfPreviousModel:  -8074.243760940559
