// HNB model in the BIF format
// Produced by the HNB package

network "HLCM192721" {}

variable "v0" { 
      type discrete[3] { "s0" "s1" "s2" }
}

variable "v235" { 
      type discrete[3] { "s0" "s1" "s2" }
}

variable "v4" { 
      type discrete[3] { "s0" "s1" "s2" }
}

variable "v226" { 
      type discrete[2] { "s0" "s1" }
}

variable "v6" { 
      type discrete[3] { "s0" "s1" "s2" }
}

variable "v7" { 
      type discrete[3] { "s0" "s1" "s2" }
}

variable "v241" { 
      type discrete[3] { "s0" "s1" "s2" }
}

variable "v2" { 
      type discrete[3] { "s0" "s1" "s2" }
}

variable "v221" { 
      type discrete[3] { "s0" "s1" "s2" }
}

variable "v8" { 
      type discrete[3] { "s0" "s1" "s2" }
}

variable "v9" { 
      type discrete[3] { "s0" "s1" "s2" }
}

probability( "v0" ) {
      table  0.2780 0.3280 0.3940;
}

probability( "v235" | "v0" ) {
        ("s0") 0.0047 0.0384 0.9569;
        ("s1") 0.0088 0.1130 0.8782;
        ("s2") 0.8416 0.0522 0.1062;
}

probability( "v4" | "v235" ) {
        ("s0") 0.1294 0.0093 0.8613;
        ("s1") 0.9772 0.0099 0.0128;
        ("s2") 0.0466 0.9502 0.0032;
}

probability( "v226" | "v235" ) {
        ("s0") 0.0980 0.9020;
        ("s1") 0.7907 0.2093;
        ("s2") 0.0831 0.9169;
}

probability( "v6" | "v226" ) {
        ("s0") 0.8606 0.1264 0.0130;
        ("s1") 0.1419 0.8173 0.0408;
}

probability( "v7" | "v226" ) {
        ("s0") 0.0655 0.0309 0.9035;
        ("s1") 0.8072 0.0229 0.1699;
}

probability( "v241" | "v0" ) {
        ("s0") 0.0000 1.0000 0.0000;
        ("s1") 0.0000 0.0016 0.9984;
        ("s2") 1.0000 0.0000 0.0000;
}

probability( "v2" | "v241" ) {
        ("s0") 0.0000 0.8807 0.1193;
        ("s1") 0.0576 0.1115 0.8309;
        ("s2") 0.8702 0.1006 0.0292;
}

probability( "v221" | "v241" ) {
        ("s0") 0.0005 0.1249 0.8746;
        ("s1") 0.9075 0.0844 0.0081;
        ("s2") 0.1596 0.8352 0.0051;
}

probability( "v8" | "v221" ) {
        ("s0") 0.0644 0.0003 0.9353;
        ("s1") 0.8272 0.0476 0.1252;
        ("s2") 0.0169 0.9481 0.0349;
}

probability( "v9" | "v221" ) {
        ("s0") 0.1404 0.8542 0.0054;
        ("s1") 0.0472 0.0577 0.8951;
        ("s2") 0.1458 0.8072 0.0470;
}

//Loglikelihood:  -4569.585386817571
//Score        :  -4759.548656989579
//LoglikelihoodOfPreviousModel:  -2948.2082233210344
