// HNB model in the BIF format
// Produced by the HNB package

network "HLCM4491420" {}

variable "class" { 
      type discrete[2] { "s0" "s1" }
}

variable "a5" { 
      type discrete[4] { "s0" "s1" "s2" "s3" }
}

variable "v773" { 
      type discrete[6] { "s0" "s1" "s2" "s3" "s4" "s5" }
}

variable "a6" { 
      type discrete[2] { "s0" "s1" }
}

variable "a2" { 
      type discrete[3] { "s0" "s1" "s2" }
}

variable "a1" { 
      type discrete[3] { "s0" "s1" "s2" }
}

variable "v809" { 
      type discrete[4] { "s0" "s1" "s2" "s3" }
}

variable "a3" { 
      type discrete[2] { "s0" "s1" }
}

variable "a4" { 
      type discrete[3] { "s0" "s1" "s2" }
}

probability( "class" ) {
      table  0.6906 0.3094;
}

probability( "a5" | "class" ) {
        ("s0") 0.2796 0.2473 0.2366 0.2366;
        ("s1") 0.2000 0.2800 0.2720 0.2480;
}

probability( "v773" | "class" ) {
        ("s0") 0.0000 0.0009 0.6628 0.3363 0.0000 0.0000;
        ("s1") 0.1520 0.3040 0.0000 0.0000 0.1683 0.3757;
}

probability( "a6" | "v773" ) {
        ("s0") 0.0000 1.0000;
        ("s1") 0.0000 1.0000;
        ("s2") 0.6275 0.3725;
        ("s3") 0.2553 0.7447;
        ("s4") 0.5721 0.4279;
        ("s5") 1.0000 0.0000;
}

probability( "a2" | "v773" ) {
        ("s0") 1.0000 0.0000 0.0000;
        ("s1") 0.0000 0.5000 0.5000;
        ("s2") 0.4694 0.2653 0.2653;
        ("s3") 0.1300 0.4350 0.4351;
        ("s4") 0.2866 0.3329 0.3805;
        ("s5") 0.1698 0.4045 0.4258;
}

probability( "a1" | "v773" ) {
        ("s0") 0.0000 0.5264 0.4736;
        ("s1") 0.3944 0.3160 0.2897;
        ("s2") 0.4698 0.2743 0.2559;
        ("s3") 0.1391 0.4177 0.4433;
        ("s4") 0.9982 0.0000 0.0018;
        ("s5") 0.0000 0.4897 0.5103;
}

probability( "v809" | "v773" ) {
        ("s0") 0.0339 0.3871 0.0000 0.5790;
        ("s1") 0.0000 0.0000 0.5001 0.4999;
        ("s2") 0.1702 0.0074 0.4761 0.3463;
        ("s3") 0.6001 0.1659 0.0014 0.2327;
        ("s4") 1.0000 0.0000 0.0000 0.0000;
        ("s5") 0.2470 0.3058 0.0000 0.4471;
}

probability( "a3" | "v809" ) {
        ("s0") 0.0000 1.0000;
        ("s1") 0.0000 1.0000;
        ("s2") 0.6432 0.3568;
        ("s3") 1.0000 0.0000;
}

probability( "a4" | "v809" ) {
        ("s0") 0.0000 0.5007 0.4993;
        ("s1") 0.6914 0.1910 0.1176;
        ("s2") 0.9999 0.0001 0.0000;
        ("s3") 0.0000 0.4963 0.5037;
}

//Loglikelihood:  0.0
//Score        :  0.6428571428571428
//LoglikelihoodOfPreviousModel:  -7274.714476499946
