// HNB model in the BIF format
// Produced by the HNB package

network "HLCM5874323" {}

variable "class" { 
      type discrete[2] { "s0" "s1" }
}

variable "a5" { 
      type discrete[4] { "s0" "s1" "s2" "s3" }
}

variable "v1061" { 
      type discrete[8] { "s0" "s1" "s2" "s3" "s4" "s5" "s6" "s7" }
}

variable "a1" { 
      type discrete[3] { "s0" "s1" "s2" }
}

variable "v1046" { 
      type discrete[6] { "s0" "s1" "s2" "s3" "s4" "s5" }
}

variable "a4" { 
      type discrete[3] { "s0" "s1" "s2" }
}

variable "a6" { 
      type discrete[2] { "s0" "s1" }
}

variable "a2" { 
      type discrete[3] { "s0" "s1" "s2" }
}

variable "a3" { 
      type discrete[2] { "s0" "s1" }
}

probability( "class" ) {
      table  0.6736 0.3264;
}

probability( "a5" | "class" ) {
        ("s0") 0.2674 0.2481 0.2481 0.2364;
        ("s1") 0.1920 0.2640 0.2800 0.2640;
}

probability( "v1061" | "class" ) {
        ("s0") 0.1883 0.0071 0.3333 0.0000 0.1159 0.1868 0.1684 0.0000;
        ("s1") 0.0000 0.3120 0.0000 0.5040 0.0000 0.0000 0.0000 0.1840;
}

probability( "a1" | "v1061" ) {
        ("s0") 0.9999 0.0001 0.0000;
        ("s1") 0.0000 0.5384 0.4616;
        ("s2") 0.0324 0.4838 0.4838;
        ("s3") 0.1587 0.4444 0.3968;
        ("s4") 0.3466 0.3186 0.3349;
        ("s5") 0.0000 0.5041 0.4958;
        ("s6") 0.6505 0.1742 0.1754;
        ("s7") 1.0000 0.0000 0.0000;
}

probability( "v1046" | "v1061" ) {
        ("s0") 0.1528 0.0927 0.1616 0.3579 0.2350 0.0000;
        ("s1") 0.0911 0.0000 0.2213 0.5871 0.1004 0.0000;
        ("s2") 0.0044 0.0000 0.2240 0.5063 0.0046 0.2607;
        ("s3") 0.1648 0.2453 0.0000 0.0000 0.3650 0.2249;
        ("s4") 0.0589 0.0000 0.0215 0.4673 0.1332 0.3191;
        ("s5") 0.1625 0.1746 0.0002 0.0045 0.3324 0.3259;
        ("s6") 0.0258 0.0000 0.1429 0.5066 0.0583 0.2663;
        ("s7") 0.1689 0.2801 0.0000 0.0000 0.4347 0.1163;
}

probability( "a4" | "v1046" ) {
        ("s0") 0.9999 0.0000 0.0001;
        ("s1") 0.0000 0.4772 0.5228;
        ("s2") 0.8450 0.1549 0.0001;
        ("s3") 0.4279 0.2745 0.2976;
        ("s4") 0.0000 0.5066 0.4934;
        ("s5") 0.0437 0.4899 0.4663;
}

probability( "a6" | "v1046" ) {
        ("s0") 0.0000 1.0000;
        ("s1") 0.0000 1.0000;
        ("s2") 0.9903 0.0097;
        ("s3") 0.6515 0.3485;
        ("s4") 1.0000 0.0000;
        ("s5") 0.0006 0.9994;
}

probability( "a2" | "v1046" ) {
        ("s0") 0.0000 0.5164 0.4836;
        ("s1") 0.7753 0.1179 0.1068;
        ("s2") 0.0000 0.5947 0.4053;
        ("s3") 0.8835 0.0000 0.1165;
        ("s4") 0.0000 0.4852 0.5148;
        ("s5") 0.0000 0.5230 0.4770;
}

probability( "a3" | "v1061" ) {
        ("s0") 0.9994 0.0006;
        ("s1") 0.0000 1.0000;
        ("s2") 0.9354 0.0646;
        ("s3") 1.0000 0.0000;
        ("s4") 0.0446 0.9554;
        ("s5") 0.0000 1.0000;
        ("s6") 0.0843 0.9157;
        ("s7") 0.0000 1.0000;
}

//Loglikelihood:  0.0
//Score        :  0.7755102040816326
//LoglikelihoodOfPreviousModel:  -6942.273646653887
