// HNB model in the BIF format
// Produced by the HNB package

network "HLCM5190943" {}

variable "class" { 
      type discrete[2] { "s0" "s1" }
}

variable "a5" { 
      type discrete[4] { "s0" "s1" "s2" "s3" }
}

variable "v899" { 
      type discrete[6] { "s0" "s1" "s2" "s3" "s4" "s5" }
}

variable "a6" { 
      type discrete[2] { "s0" "s1" }
}

variable "a4" { 
      type discrete[3] { "s0" "s1" "s2" }
}

variable "v955" { 
      type discrete[4] { "s0" "s1" "s2" "s3" }
}

variable "a3" { 
      type discrete[2] { "s0" "s1" }
}

variable "v942" { 
      type discrete[3] { "s0" "s1" "s2" }
}

variable "a1" { 
      type discrete[3] { "s0" "s1" "s2" }
}

variable "a2" { 
      type discrete[3] { "s0" "s1" "s2" }
}

probability( "class" ) {
      table  0.6667 0.3333;
}

probability( "a5" | "class" ) {
        ("s0") 0.2538 0.2423 0.2577 0.2462;
        ("s1") 0.1846 0.2846 0.2692 0.2615;
}

probability( "v899" | "class" ) {
        ("s0") 0.0000 0.0000 0.3522 0.0876 0.5602 0.0000;
        ("s1") 0.1718 0.2077 0.0000 0.2975 0.0000 0.3231;
}

probability( "a6" | "v899" ) {
        ("s0") 1.0000 0.0000;
        ("s1") 0.0000 1.0000;
        ("s2") 0.1278 0.8722;
        ("s3") 1.0000 0.0000;
        ("s4") 0.6627 0.3373;
        ("s5") 0.0000 1.0000;
}

probability( "a4" | "v899" ) {
        ("s0") 0.0000 0.4547 0.5453;
        ("s1") 1.0000 0.0000 0.0000;
        ("s2") 0.1984 0.4126 0.3890;
        ("s3") 0.2623 0.3889 0.3488;
        ("s4") 0.4855 0.2483 0.2662;
        ("s5") 0.0000 0.5000 0.5000;
}

probability( "v955" | "v899" ) {
        ("s0") 0.0148 0.0000 0.0000 0.9852;
        ("s1") 0.5556 0.0000 0.0000 0.4444;
        ("s2") 0.7162 0.0000 0.0386 0.2452;
        ("s3") 1.0000 0.0000 0.0000 0.0000;
        ("s4") 0.0037 0.2832 0.6035 0.1096;
        ("s5") 0.0000 0.3861 0.5844 0.0296;
}

probability( "a3" | "v955" ) {
        ("s0") 0.0000 1.0000;
        ("s1") 1.0000 0.0000;
        ("s2") 0.5766 0.4234;
        ("s3") 1.0000 0.0000;
}

probability( "v942" | "v955" ) {
        ("s0") 0.0005 0.2300 0.7695;
        ("s1") 0.0061 0.4957 0.4982;
        ("s2") 0.7994 0.2006 0.0000;
        ("s3") 0.0000 0.0000 1.0000;
}

probability( "a1" | "v942" ) {
        ("s0") 0.9905 0.0002 0.0093;
        ("s1") 0.0000 0.5201 0.4799;
        ("s2") 0.1825 0.3957 0.4218;
}

probability( "a2" | "v942" ) {
        ("s0") 0.4446 0.2647 0.2907;
        ("s1") 0.9998 0.0000 0.0002;
        ("s2") 0.0000 0.5057 0.4943;
}

//Loglikelihood:  0.0
//Score        :  0.6904761904761905
//LoglikelihoodOfPreviousModel:  -7084.520190021147
