// HNB model in the BIF format
// Produced by the HNB package

network "HLCM184540" {}

variable "v0" { 
      type discrete[3] { "s0" "s1" "s2" }
}

variable "v4" { 
      type discrete[3] { "s0" "s1" "s2" }
}

variable "v212" { 
      type discrete[3] { "s0" "s1" "s2" }
}

variable "v6" { 
      type discrete[3] { "s0" "s1" "s2" }
}

variable "v7" { 
      type discrete[3] { "s0" "s1" "s2" }
}

variable "v237" { 
      type discrete[3] { "s0" "s1" "s2" }
}

variable "v2" { 
      type discrete[3] { "s0" "s1" "s2" }
}

variable "v229" { 
      type discrete[3] { "s0" "s1" "s2" }
}

variable "v8" { 
      type discrete[3] { "s0" "s1" "s2" }
}

variable "v9" { 
      type discrete[3] { "s0" "s1" "s2" }
}

probability( "v0" ) {
      table  0.3226 0.4073 0.2700;
}

probability( "v4" | "v0" ) {
        ("s0") 0.3979 0.3661 0.2360;
        ("s1") 0.4002 0.3406 0.2592;
        ("s2") 0.4387 0.1027 0.4586;
}

probability( "v212" | "v0" ) {
        ("s0") 0.4245 0.2521 0.3234;
        ("s1") 0.4219 0.2998 0.2782;
        ("s2") 0.3886 0.5797 0.0317;
}

probability( "v6" | "v212" ) {
        ("s0") 0.5448 0.1003 0.3549;
        ("s1") 0.0184 0.5605 0.4211;
        ("s2") 0.0824 0.5003 0.4173;
}

probability( "v7" | "v212" ) {
        ("s0") 0.3384 0.0136 0.6480;
        ("s1") 0.1290 0.4803 0.3906;
        ("s2") 0.0492 0.2967 0.6540;
}

probability( "v237" | "v0" ) {
        ("s0") 0.9966 0.0002 0.0033;
        ("s1") 0.1248 0.7311 0.1441;
        ("s2") 0.0813 0.0808 0.8379;
}

probability( "v2" | "v237" ) {
        ("s0") 0.5836 0.3600 0.0563;
        ("s1") 0.3220 0.3551 0.3229;
        ("s2") 0.0147 0.1636 0.8216;
}

probability( "v229" | "v237" ) {
        ("s0") 0.6075 0.3039 0.0886;
        ("s1") 0.0399 0.3838 0.5763;
        ("s2") 0.3612 0.3275 0.3113;
}

probability( "v8" | "v229" ) {
        ("s0") 0.4334 0.3705 0.1961;
        ("s1") 0.1561 0.2314 0.6126;
        ("s2") 0.0888 0.2411 0.6701;
}

probability( "v9" | "v229" ) {
        ("s0") 0.1228 0.7325 0.1447;
        ("s1") 0.8139 0.0258 0.1604;
        ("s2") 0.2840 0.6332 0.0828;
}

//Loglikelihood:  -353580.2172683546
//Score        :  -353883.17106031807
//LoglikelihoodOfPreviousModel:  -106490.85466865265
