// HNB model in the BIF format
// Produced by the HNB package

network "HLCM70066" {}

variable "v0" { 
      type discrete[3] { "s0" "s1" "s2" }
}

variable "v2" { 
      type discrete[3] { "s0" "s1" "s2" }
}

variable "v9" { 
      type discrete[3] { "s0" "s1" "s2" }
}

variable "v212" { 
      type discrete[3] { "s0" "s1" "s2" }
}

variable "v6" { 
      type discrete[3] { "s0" "s1" "s2" }
}

variable "v7" { 
      type discrete[3] { "s0" "s1" "s2" }
}

variable "v223" { 
      type discrete[3] { "s0" "s1" "s2" }
}

variable "v4" { 
      type discrete[3] { "s0" "s1" "s2" }
}

variable "v8" { 
      type discrete[3] { "s0" "s1" "s2" }
}

probability( "v0" ) {
      table  0.3226 0.4073 0.2700;
}

probability( "v2" | "v0" ) {
        ("s0") 0.5831 0.3579 0.0590;
        ("s1") 0.3091 0.3298 0.3611;
        ("s2") 0.0861 0.1943 0.7197;
}

probability( "v9" | "v0" ) {
        ("s0") 0.3475 0.5077 0.1448;
        ("s1") 0.4547 0.4265 0.1188;
        ("s2") 0.3980 0.4694 0.1326;
}

probability( "v212" | "v0" ) {
        ("s0") 0.2688 0.3612 0.3701;
        ("s1") 0.2814 0.3451 0.3735;
        ("s2") 0.3991 0.2087 0.3923;
}

probability( "v6" | "v212" ) {
        ("s0") 0.0002 0.5724 0.4274;
        ("s1") 0.2615 0.3539 0.3846;
        ("s2") 0.4468 0.1818 0.3714;
}

probability( "v7" | "v212" ) {
        ("s0") 0.0598 0.6695 0.2708;
        ("s1") 0.0435 0.0960 0.8605;
        ("s2") 0.4385 0.0230 0.5385;
}

probability( "v223" | "v0" ) {
        ("s0") 0.5242 0.4246 0.0512;
        ("s1") 0.1437 0.7421 0.1142;
        ("s2") 0.0864 0.1472 0.7664;
}

probability( "v4" | "v223" ) {
        ("s0") 0.3949 0.3876 0.2175;
        ("s1") 0.3937 0.3814 0.2249;
        ("s2") 0.4524 0.0171 0.5306;
}

probability( "v8" | "v223" ) {
        ("s0") 0.5146 0.3828 0.1025;
        ("s1") 0.0889 0.2342 0.6769;
        ("s2") 0.2303 0.2799 0.4897;
}

//Loglikelihood:  -354384.4368409275
//Score        :  -354654.93129803776
//LoglikelihoodOfPreviousModel:  -100593.13984068825
