// HNB model in the BIF format
// Produced by the HNB package

network "HLCM594539" {}

variable "class" { 
      type discrete[2] { "s0" "s1" }
}

variable "a1" { 
      type discrete[3] { "s0" "s1" "s2" }
}

variable "a6" { 
      type discrete[2] { "s0" "s1" }
}

variable "v198" { 
      type discrete[5] { "s0" "s1" "s2" "s3" "s4" }
}

variable "a2" { 
      type discrete[3] { "s0" "s1" "s2" }
}

variable "a5" { 
      type discrete[4] { "s0" "s1" "s2" "s3" }
}

variable "a4" { 
      type discrete[3] { "s0" "s1" "s2" }
}

variable "a3" { 
      type discrete[2] { "s0" "s1" }
}

probability( "class" ) {
      table  0.4807 0.5193;
}

probability( "a1" | "class" ) {
        ("s0") 0.3333 0.3418 0.3249;
        ("s1") 0.3750 0.3203 0.3047;
}

probability( "a6" | "class" ) {
        ("s0") 0.4937 0.5063;
        ("s1") 0.4961 0.5039;
}

probability( "v198" | "class" ) {
        ("s0") 0.0000 0.0000 0.4622 0.0000 0.5378;
        ("s1") 0.1953 0.7481 0.0000 0.0566 0.0000;
}

probability( "a2" | "v198" ) {
        ("s0") 0.4479 0.5521 0.0000;
        ("s1") 0.4972 0.5028 0.0000;
        ("s2") 0.0000 0.0143 0.9857;
        ("s3") 0.0272 0.0756 0.8972;
        ("s4") 0.3374 0.3094 0.3533;
}

probability( "a5" | "v198" ) {
        ("s0") 0.6720 0.0270 0.3010 0.0000;
        ("s1") 0.2527 0.4263 0.3209 0.0000;
        ("s2") 0.3651 0.3651 0.2497 0.0200;
        ("s3") 0.0000 0.0000 0.9310 0.0690;
        ("s4") 0.0000 0.0000 0.0286 0.9714;
}

probability( "a4" | "v198" ) {
        ("s0") 0.1318 0.4707 0.3975;
        ("s1") 0.3755 0.3053 0.3192;
        ("s2") 0.2702 0.3580 0.3718;
        ("s3") 1.0000 0.0000 0.0000;
        ("s4") 0.3248 0.3200 0.3552;
}

probability( "a3" | "v198" ) {
        ("s0") 0.4735 0.5265;
        ("s1") 0.5188 0.4812;
        ("s2") 0.5106 0.4894;
        ("s3") 0.6881 0.3119;
        ("s4") 0.5027 0.4973;
}

//Loglikelihood:  0.0
//Score        :  0.9508196721311475
//LoglikelihoodOfPreviousModel:  -23811.017858331692
