// HNB model in the BIF format
// Produced by the HNB package

network "HLCM2459974" {}

variable "class" { 
      type discrete[2] { "s0" "s1" }
}

variable "a3" { 
      type discrete[2] { "s0" "s1" }
}

variable "v913" { 
      type discrete[6] { "s0" "s1" "s2" "s3" "s4" "s5" }
}

variable "a4" { 
      type discrete[3] { "s0" "s1" "s2" }
}

variable "a2" { 
      type discrete[3] { "s0" "s1" "s2" }
}

variable "a5" { 
      type discrete[4] { "s0" "s1" "s2" "s3" }
}

variable "a6" { 
      type discrete[2] { "s0" "s1" }
}

variable "a1" { 
      type discrete[3] { "s0" "s1" "s2" }
}

probability( "class" ) {
      table  0.4612 0.5388;
}

probability( "a3" | "class" ) {
        ("s0") 0.4957 0.5043;
        ("s1") 0.5018 0.4982;
}

probability( "v913" | "class" ) {
        ("s0") 0.1743 0.3950 0.0509 0.0000 0.0000 0.3798;
        ("s1") 0.0000 0.0000 0.0000 0.0554 0.9446 0.0000;
}

probability( "a4" | "v913" ) {
        ("s0") 0.0000 0.4916 0.5084;
        ("s1") 0.3377 0.3507 0.3115;
        ("s2") 0.0000 0.5638 0.4362;
        ("s3") 1.0000 0.0000 0.0000;
        ("s4") 0.3320 0.3164 0.3516;
        ("s5") 0.3978 0.2987 0.3035;
}

probability( "a2" | "v913" ) {
        ("s0") 0.0000 0.0000 1.0000;
        ("s1") 0.4801 0.3948 0.1250;
        ("s2") 0.0000 0.3232 0.6768;
        ("s3") 0.0000 0.0002 0.9998;
        ("s4") 0.5000 0.5000 0.0000;
        ("s5") 0.0000 0.0000 1.0000;
}

probability( "a5" | "v913" ) {
        ("s0") 0.0767 0.1304 0.5530 0.2399;
        ("s1") 0.0000 0.0000 0.0152 0.9848;
        ("s2") 0.0000 0.2774 0.6974 0.0252;
        ("s3") 0.0000 0.0000 0.9333 0.0667;
        ("s4") 0.3516 0.3203 0.3281 0.0000;
        ("s5") 0.4074 0.3683 0.0000 0.2243;
}

probability( "a6" | "v913" ) {
        ("s0") 0.3422 0.6578;
        ("s1") 0.5003 0.4997;
        ("s2") 0.7423 0.2577;
        ("s3") 0.5333 0.4667;
        ("s4") 0.4727 0.5273;
        ("s5") 0.5509 0.4491;
}

probability( "a1" | "v913" ) {
        ("s0") 0.3637 0.2603 0.3761;
        ("s1") 0.3702 0.3336 0.2961;
        ("s2") 0.2136 0.7864 0.0000;
        ("s3") 0.2667 0.3333 0.4000;
        ("s4") 0.3555 0.3242 0.3203;
        ("s5") 0.3387 0.3247 0.3366;
}

//Loglikelihood:  0.0
//Score        :  1.0
//LoglikelihoodOfPreviousModel:  -18786.118073699694
