// HNB model in the BIF format
// Produced by the HNB package

network "HLCM56160" {}

variable "v0" { 
      type discrete[3] { "s0" "s1" "s2" }
}

variable "v7" { 
      type discrete[3] { "s0" "s1" "s2" }
}

variable "v2" { 
      type discrete[3] { "s0" "s1" "s2" }
}

variable "v221" { 
      type discrete[3] { "s0" "s1" "s2" }
}

variable "v8" { 
      type discrete[3] { "s0" "s1" "s2" }
}

variable "v9" { 
      type discrete[3] { "s0" "s1" "s2" }
}

variable "v222" { 
      type discrete[3] { "s0" "s1" "s2" }
}

variable "v4" { 
      type discrete[3] { "s0" "s1" "s2" }
}

variable "v6" { 
      type discrete[3] { "s0" "s1" "s2" }
}

probability( "v0" ) {
      table  0.2707 0.3551 0.3742;
}

probability( "v7" | "v0" ) {
        ("s0") 0.7133 0.0259 0.2608;
        ("s1") 0.6677 0.0262 0.3061;
        ("s2") 0.7360 0.0318 0.2322;
}

probability( "v2" | "v0" ) {
        ("s0") 0.0694 0.1075 0.8231;
        ("s1") 0.8172 0.1405 0.0422;
        ("s2") 0.0075 0.8704 0.1221;
}

probability( "v221" | "v0" ) {
        ("s0") 0.0144 0.0695 0.9161;
        ("s1") 0.0126 0.8195 0.1679;
        ("s2") 0.8845 0.1065 0.0089;
}

probability( "v8" | "v221" ) {
        ("s0") 0.0058 0.9656 0.0286;
        ("s1") 0.8014 0.0596 0.1390;
        ("s2") 0.0523 0.0034 0.9443;
}

probability( "v9" | "v221" ) {
        ("s0") 0.1350 0.8305 0.0346;
        ("s1") 0.0411 0.0604 0.8985;
        ("s2") 0.1245 0.8659 0.0096;
}

probability( "v222" | "v0" ) {
        ("s0") 0.8461 0.0145 0.1394;
        ("s1") 0.7514 0.0133 0.2353;
        ("s2") 0.0003 0.9404 0.0593;
}

probability( "v4" | "v222" ) {
        ("s0") 0.0250 0.9750 0.0000;
        ("s1") 0.1259 0.0894 0.7848;
        ("s2") 0.6471 0.3059 0.0470;
}

probability( "v6" | "v222" ) {
        ("s0") 0.1723 0.7893 0.0384;
        ("s1") 0.1891 0.7723 0.0386;
        ("s2") 0.6257 0.3260 0.0483;
}

//Loglikelihood:  -47310.48577818442
//Score        :  -47540.74428748382
//LoglikelihoodOfPreviousModel:  -17855.786048256894
