// HNB model in the BIF format
// Produced by the HNB package

network "HLCM82343" {}

variable "v0" { 
      type discrete[3] { "s0" "s1" "s2" }
}

variable "v4" { 
      type discrete[3] { "s0" "s1" "s2" }
}

variable "v6" { 
      type discrete[3] { "s0" "s1" "s2" }
}

variable "v2" { 
      type discrete[3] { "s0" "s1" "s2" }
}

variable "v230" { 
      type discrete[3] { "s0" "s1" "s2" }
}

variable "v7" { 
      type discrete[3] { "s0" "s1" "s2" }
}

variable "v221" { 
      type discrete[3] { "s0" "s1" "s2" }
}

variable "v8" { 
      type discrete[3] { "s0" "s1" "s2" }
}

variable "v9" { 
      type discrete[3] { "s0" "s1" "s2" }
}

probability( "v0" ) {
      table  0.2707 0.3551 0.3742;
}

probability( "v4" | "v0" ) {
        ("s0") 0.1134 0.8689 0.0177;
        ("s1") 0.1721 0.8063 0.0217;
        ("s2") 0.1571 0.1021 0.7408;
}

probability( "v6" | "v0" ) {
        ("s0") 0.2364 0.7274 0.0362;
        ("s1") 0.2785 0.6776 0.0439;
        ("s2") 0.2151 0.7461 0.0387;
}

probability( "v2" | "v0" ) {
        ("s0") 0.0694 0.1075 0.8231;
        ("s1") 0.8172 0.1405 0.0422;
        ("s2") 0.0075 0.8704 0.1221;
}

probability( "v230" | "v0" ) {
        ("s0") 0.9807 0.0071 0.0121;
        ("s1") 0.0547 0.0005 0.9447;
        ("s2") 0.0030 0.9807 0.0163;
}

probability( "v7" | "v230" ) {
        ("s0") 0.7123 0.0257 0.2620;
        ("s1") 0.7362 0.0323 0.2315;
        ("s2") 0.6673 0.0259 0.3068;
}

probability( "v221" | "v230" ) {
        ("s0") 0.0003 0.0598 0.9399;
        ("s1") 0.8749 0.0950 0.0301;
        ("s2") 0.0110 0.8641 0.1249;
}

probability( "v8" | "v221" ) {
        ("s0") 0.0043 0.9948 0.0009;
        ("s1") 0.8005 0.0598 0.1397;
        ("s2") 0.0519 0.0110 0.9370;
}

probability( "v9" | "v221" ) {
        ("s0") 0.1350 0.8305 0.0345;
        ("s1") 0.0412 0.0605 0.8982;
        ("s2") 0.1249 0.8656 0.0095;
}

//Loglikelihood:  -47566.37089526202
//Score        :  -47796.62940456143
//LoglikelihoodOfPreviousModel:  -16863.103941254092
