// HNB model in the BIF format
// Produced by the HNB package

network "HLCM65092" {}

variable "v0" { 
      type discrete[3] { "s0" "s1" "s2" }
}

variable "v6" { 
      type discrete[3] { "s0" "s1" "s2" }
}

variable "v7" { 
      type discrete[3] { "s0" "s1" "s2" }
}

variable "v2" { 
      type discrete[3] { "s0" "s1" "s2" }
}

variable "v225" { 
      type discrete[3] { "s0" "s1" "s2" }
}

variable "v4" { 
      type discrete[3] { "s0" "s1" "s2" }
}

variable "v221" { 
      type discrete[3] { "s0" "s1" "s2" }
}

variable "v8" { 
      type discrete[3] { "s0" "s1" "s2" }
}

variable "v9" { 
      type discrete[3] { "s0" "s1" "s2" }
}

probability( "v0" ) {
      table  0.2707 0.3551 0.3742;
}

probability( "v6" | "v0" ) {
        ("s0") 0.2364 0.7274 0.0362;
        ("s1") 0.2785 0.6776 0.0439;
        ("s2") 0.2151 0.7461 0.0387;
}

probability( "v7" | "v0" ) {
        ("s0") 0.7133 0.0259 0.2608;
        ("s1") 0.6677 0.0262 0.3061;
        ("s2") 0.7360 0.0318 0.2322;
}

probability( "v2" | "v0" ) {
        ("s0") 0.0694 0.1075 0.8231;
        ("s1") 0.8172 0.1405 0.0422;
        ("s2") 0.0075 0.8704 0.1221;
}

probability( "v225" | "v0" ) {
        ("s0") 0.0776 0.9224 0.0000;
        ("s1") 0.9766 0.0234 0.0000;
        ("s2") 0.0027 0.0000 0.9973;
}

probability( "v4" | "v225" ) {
        ("s0") 0.1709 0.8080 0.0211;
        ("s1") 0.1121 0.8696 0.0183;
        ("s2") 0.1572 0.1001 0.7427;
}

probability( "v221" | "v225" ) {
        ("s0") 0.0131 0.1479 0.8390;
        ("s1") 0.0179 0.9776 0.0044;
        ("s2") 0.8836 0.0120 0.1044;
}

probability( "v8" | "v221" ) {
        ("s0") 0.0057 0.9694 0.0250;
        ("s1") 0.0528 0.0001 0.9471;
        ("s2") 0.8014 0.0595 0.1391;
}

probability( "v9" | "v221" ) {
        ("s0") 0.1350 0.8303 0.0346;
        ("s1") 0.1245 0.8659 0.0096;
        ("s2") 0.0411 0.0601 0.8988;
}

//Loglikelihood:  -47567.07834282485
//Score        :  -47797.33685212425
//LoglikelihoodOfPreviousModel:  -17981.35010484499
