// HNB model in the BIF format
// Produced by the HNB package

network "HLCM308458" {}

variable "v0" { 
      type discrete[3] { "s0" "s1" "s2" }
}

variable "v2" { 
      type discrete[3] { "s0" "s1" "s2" }
}

variable "v221" { 
      type discrete[3] { "s0" "s1" "s2" }
}

variable "v244" { 
      type discrete[3] { "s0" "s1" "s2" }
}

variable "v8" { 
      type discrete[3] { "s0" "s1" "s2" }
}

variable "v9" { 
      type discrete[3] { "s0" "s1" "s2" }
}

variable "v235" { 
      type discrete[3] { "s0" "s1" "s2" }
}

variable "v4" { 
      type discrete[3] { "s0" "s1" "s2" }
}

variable "v226" { 
      type discrete[3] { "s0" "s1" "s2" }
}

variable "v6" { 
      type discrete[3] { "s0" "s1" "s2" }
}

variable "v7" { 
      type discrete[3] { "s0" "s1" "s2" }
}

probability( "v0" ) {
      table  0.2700 0.3576 0.3724;
}

probability( "v2" | "v0" ) {
        ("s0") 0.0704 0.1081 0.8214;
        ("s1") 0.8166 0.1339 0.0496;
        ("s2") 0.0070 0.8680 0.1250;
}

probability( "v221" | "v0" ) {
        ("s0") 0.0038 0.0344 0.9618;
        ("s1") 0.0152 0.8862 0.0985;
        ("s2") 0.9743 0.0113 0.0144;
}

probability( "v244" | "v221" ) {
        ("s0") 0.0063 0.8928 0.1008;
        ("s1") 0.0781 0.0009 0.9210;
        ("s2") 0.9567 0.0096 0.0337;
}

probability( "v8" | "v244" ) {
        ("s0") 0.0535 0.0034 0.9431;
        ("s1") 0.0059 0.9816 0.0125;
        ("s2") 0.8111 0.0634 0.1255;
}

probability( "v9" | "v244" ) {
        ("s0") 0.1304 0.8584 0.0113;
        ("s1") 0.1417 0.8251 0.0332;
        ("s2") 0.0421 0.0637 0.8942;
}

probability( "v235" | "v0" ) {
        ("s0") 0.9018 0.0119 0.0863;
        ("s1") 0.8285 0.0114 0.1601;
        ("s2") 0.0230 0.9240 0.0529;
}

probability( "v4" | "v235" ) {
        ("s0") 0.0382 0.9613 0.0005;
        ("s1") 0.1171 0.0752 0.8077;
        ("s2") 0.8570 0.0981 0.0449;
}

probability( "v226" | "v235" ) {
        ("s0") 0.3437 0.0877 0.5686;
        ("s1") 0.3997 0.0638 0.5365;
        ("s2") 0.1181 0.8050 0.0768;
}

probability( "v6" | "v226" ) {
        ("s0") 0.2922 0.6579 0.0500;
        ("s1") 0.8180 0.1255 0.0565;
        ("s2") 0.0399 0.9330 0.0271;
}

probability( "v7" | "v226" ) {
        ("s0") 0.7055 0.0582 0.2363;
        ("s1") 0.1448 0.0430 0.8122;
        ("s2") 0.8582 0.0039 0.1379;
}

//Loglikelihood:  -465999.45236866694
//Score        :  -466356.353058081
//LoglikelihoodOfPreviousModel:  -161225.11457488535
