// HNB model in the BIF format
// Produced by the HNB package

network "HLCM94568" {}

variable "v0" { 
      type discrete[3] { "s0" "s1" "s2" }
}

variable "v4" { 
      type discrete[3] { "s0" "s1" "s2" }
}

variable "v6" { 
      type discrete[3] { "s0" "s1" "s2" }
}

variable "v2" { 
      type discrete[3] { "s0" "s1" "s2" }
}

variable "v230" { 
      type discrete[3] { "s0" "s1" "s2" }
}

variable "v7" { 
      type discrete[3] { "s0" "s1" "s2" }
}

variable "v221" { 
      type discrete[3] { "s0" "s1" "s2" }
}

variable "v8" { 
      type discrete[3] { "s0" "s1" "s2" }
}

variable "v9" { 
      type discrete[3] { "s0" "s1" "s2" }
}

probability( "v0" ) {
      table  0.2700 0.3576 0.3724;
}

probability( "v4" | "v0" ) {
        ("s0") 0.1097 0.8762 0.0142;
        ("s1") 0.1702 0.8132 0.0166;
        ("s2") 0.1545 0.0968 0.7487;
}

probability( "v6" | "v0" ) {
        ("s0") 0.2374 0.7241 0.0385;
        ("s1") 0.2746 0.6860 0.0394;
        ("s2") 0.2182 0.7420 0.0398;
}

probability( "v2" | "v0" ) {
        ("s0") 0.0704 0.1081 0.8214;
        ("s1") 0.8166 0.1339 0.0496;
        ("s2") 0.0070 0.8680 0.1250;
}

probability( "v230" | "v0" ) {
        ("s0") 0.0011 0.0017 0.9971;
        ("s1") 0.8461 0.0123 0.1417;
        ("s2") 0.0134 0.9710 0.0156;
}

probability( "v7" | "v230" ) {
        ("s0") 0.6606 0.0289 0.3105;
        ("s1") 0.7283 0.0280 0.2437;
        ("s2") 0.7001 0.0281 0.2718;
}

probability( "v221" | "v230" ) {
        ("s0") 0.0031 0.9586 0.0383;
        ("s1") 0.8959 0.0981 0.0060;
        ("s2") 0.0064 0.0635 0.9300;
}

probability( "v8" | "v221" ) {
        ("s0") 0.0059 0.9814 0.0126;
        ("s1") 0.8109 0.0635 0.1255;
        ("s2") 0.0532 0.0082 0.9386;
}

probability( "v9" | "v221" ) {
        ("s0") 0.1418 0.8250 0.0332;
        ("s1") 0.0421 0.0637 0.8941;
        ("s2") 0.1303 0.8584 0.0113;
}

//Loglikelihood:  -475369.2969715634
//Score        :  -475657.12010818766
//LoglikelihoodOfPreviousModel:  -166669.079020657
