// HNB model in the BIF format
// Produced by the HNB package

network "HLCM3285581" {}

variable "class" { 
      type discrete[2] { "s0" "s1" }
}

variable "v382" { 
      type discrete[8] { "s0" "s1" "s2" "s3" "s4" "s5" "s6" "s7" }
}

variable "a2" { 
      type discrete[3] { "s0" "s1" "s2" }
}

variable "a1" { 
      type discrete[3] { "s0" "s1" "s2" }
}

variable "v400" { 
      type discrete[9] { "s0" "s1" "s2" "s3" "s4" "s5" "s6" "s7" "s8" }
}

variable "a4" { 
      type discrete[3] { "s0" "s1" "s2" }
}

variable "v361" { 
      type discrete[5] { "s0" "s1" "s2" "s3" "s4" }
}

variable "a3" { 
      type discrete[2] { "s0" "s1" }
}

variable "a5" { 
      type discrete[4] { "s0" "s1" "s2" "s3" }
}

variable "a6" { 
      type discrete[2] { "s0" "s1" }
}

probability( "class" ) {
      table  0.6562 0.3438;
}

probability( "v382" | "class" ) {
        ("s0") 0.0000 0.0000 0.3074 0.0000 0.1578 0.2113 0.1745 0.1491;
        ("s1") 0.2581 0.4892 0.0000 0.2527 0.0000 0.0000 0.0000 0.0000;
}

probability( "a2" | "v382" ) {
        ("s0") 0.0000 0.5417 0.4583;
        ("s1") 0.0000 0.5385 0.4615;
        ("s2") 0.0000 0.4970 0.5030;
        ("s3") 1.0000 0.0000 0.0000;
        ("s4") 0.0012 0.5540 0.4448;
        ("s5") 1.0000 0.0000 0.0000;
        ("s6") 0.0000 0.5286 0.4714;
        ("s7") 1.0000 0.0000 0.0000;
}

probability( "a1" | "v382" ) {
        ("s0") 1.0000 0.0000 0.0000;
        ("s1") 0.0000 0.5165 0.4835;
        ("s2") 0.0000 0.5354 0.4646;
        ("s3") 0.1277 0.4043 0.4681;
        ("s4") 1.0000 0.0000 0.0000;
        ("s5") 0.0000 0.5467 0.4533;
        ("s6") 0.3400 0.3000 0.3600;
        ("s7") 1.0000 0.0000 0.0000;
}

probability( "v400" | "v382" ) {
        ("s0") 0.0000 0.5417 0.3125 0.0000 0.0000 0.0000 0.1458 0.0000 0.0000;
        ("s1") 0.0989 0.0000 0.0000 0.0000 0.5055 0.2198 0.0000 0.0000 0.1758;
        ("s2") 0.0000 0.2841 0.3574 0.0249 0.0000 0.0000 0.1833 0.1503 0.0000;
        ("s3") 0.0000 0.4468 0.2553 0.1277 0.0000 0.0000 0.1702 0.0000 0.0000;
        ("s4") 0.2606 0.0000 0.0000 0.0060 0.3754 0.1430 0.0000 0.0541 0.1609;
        ("s5") 0.1819 0.0000 0.0000 0.2000 0.2267 0.0933 0.0000 0.1781 0.1200;
        ("s6") 0.0000 0.0000 0.0000 0.6934 0.0000 0.0000 0.0000 0.3066 0.0000;
        ("s7") 0.0667 0.1700 0.1904 0.0000 0.2073 0.1132 0.0660 0.1299 0.0565;
}

probability( "a4" | "v400" ) {
        ("s0") 0.1925 0.4071 0.4003;
        ("s1") 0.0000 0.4598 0.5402;
        ("s2") 0.0000 0.5310 0.4690;
        ("s3") 0.0000 0.4627 0.5373;
        ("s4") 0.0000 0.4842 0.5158;
        ("s5") 1.0000 0.0000 0.0000;
        ("s6") 1.0000 0.0000 0.0000;
        ("s7") 1.0000 0.0000 0.0000;
        ("s8") 1.0000 0.0000 0.0000;
}

probability( "v361" | "v400" ) {
        ("s0") 1.0000 0.0000 0.0000 0.0000 0.0000;
        ("s1") 0.0000 0.0000 0.7356 0.0000 0.2644;
        ("s2") 0.1587 0.1091 0.0000 0.7321 0.0000;
        ("s3") 0.0000 0.0140 0.0000 0.9860 0.0000;
        ("s4") 0.0000 0.0000 0.7263 0.0000 0.2737;
        ("s5") 0.0000 0.0000 0.7805 0.0000 0.2195;
        ("s6") 0.1427 0.6641 0.0000 0.1932 0.0000;
        ("s7") 0.1817 0.0000 0.5797 0.0000 0.2387;
        ("s8") 0.0000 0.3339 0.0000 0.6661 0.0000;
}

probability( "a3" | "v361" ) {
        ("s0") 1.0000 0.0000;
        ("s1") 0.0000 1.0000;
        ("s2") 1.0000 0.0000;
        ("s3") 0.0000 1.0000;
        ("s4") 0.0000 1.0000;
}

probability( "a5" | "v361" ) {
        ("s0") 1.0000 0.0000 0.0000 0.0000;
        ("s1") 0.0000 0.3077 0.3863 0.3060;
        ("s2") 0.0000 0.3015 0.3819 0.3166;
        ("s3") 0.0000 0.3152 0.3366 0.3482;
        ("s4") 1.0000 0.0000 0.0000 0.0000;
}

probability( "a6" | "v400" ) {
        ("s0") 0.2518 0.7482;
        ("s1") 0.0000 1.0000;
        ("s2") 1.0000 0.0000;
        ("s3") 0.0000 1.0000;
        ("s4") 1.0000 0.0000;
        ("s5") 0.0000 1.0000;
        ("s6") 0.0000 1.0000;
        ("s7") 1.0000 0.0000;
        ("s8") 1.0000 0.0000;
}

//Loglikelihood:  -89251.95232371996
//Score        :  -90182.11016977049
//LoglikelihoodOfPreviousModel:  -89251.99853858953
