// HNB model in the BIF format
// Produced by the HNB package

network "HLCM2216571" {}

variable "class" { 
      type discrete[2] { "s0" "s1" }
}

variable "a5" { 
      type discrete[4] { "s0" "s1" "s2" "s3" }
}

variable "v229" { 
      type discrete[8] { "s0" "s1" "s2" "s3" "s4" "s5" "s6" "s7" }
}

variable "a4" { 
      type discrete[3] { "s0" "s1" "s2" }
}

variable "v221" { 
      type discrete[8] { "s0" "s1" "s2" "s3" "s4" "s5" "s6" "s7" }
}

variable "a1" { 
      type discrete[3] { "s0" "s1" "s2" }
}

variable "v201" { 
      type discrete[4] { "s0" "s1" "s2" "s3" }
}

variable "a2" { 
      type discrete[3] { "s0" "s1" "s2" }
}

variable "a3" { 
      type discrete[2] { "s0" "s1" }
}

variable "a6" { 
      type discrete[2] { "s0" "s1" }
}

probability( "class" ) {
      table  0.6636 0.3364;
}

probability( "a5" | "class" ) {
        ("s0") 0.2837 0.2204 0.2617 0.2342;
        ("s1") 0.1902 0.2989 0.2717 0.2391;
}

probability( "v229" | "class" ) {
        ("s0") 0.2412 0.1588 0.1454 0.0014 0.0000 0.1639 0.2892 0.0000;
        ("s1") 0.0000 0.0000 0.0000 0.2609 0.3804 0.0000 0.0000 0.3587;
}

probability( "a4" | "v229" ) {
        ("s0") 0.0001 0.4415 0.5584;
        ("s1") 0.5156 0.2492 0.2352;
        ("s2") 0.8317 0.0196 0.1487;
        ("s3") 1.0000 0.0000 0.0000;
        ("s4") 0.0000 0.4714 0.5286;
        ("s5") 0.9858 0.0049 0.0093;
        ("s6") 0.0019 0.5205 0.4776;
        ("s7") 0.0000 0.4545 0.5455;
}

probability( "v221" | "v229" ) {
        ("s0") 0.2777 0.0160 0.0653 0.0613 0.1764 0.1374 0.2659 0.0000;
        ("s1") 0.0134 0.1469 0.2064 0.0003 0.5815 0.0193 0.0012 0.0310;
        ("s2") 0.0048 0.2871 0.0129 0.1728 0.0191 0.0084 0.0001 0.4948;
        ("s3") 0.4864 0.0000 0.0000 0.0000 0.2837 0.0000 0.2299 0.0000;
        ("s4") 0.6306 0.0000 0.0000 0.0000 0.0037 0.0004 0.3653 0.0000;
        ("s5") 0.3814 0.0888 0.0935 0.1561 0.0000 0.0194 0.2514 0.0094;
        ("s6") 0.0000 0.1799 0.1603 0.1534 0.2942 0.0073 0.0001 0.2048;
        ("s7") 0.0000 0.0000 0.0000 0.5000 0.0000 0.0000 0.0000 0.5000;
}

probability( "a1" | "v221" ) {
        ("s0") 0.0000 0.4645 0.5355;
        ("s1") 0.4067 0.3354 0.2578;
        ("s2") 0.8315 0.0209 0.1476;
        ("s3") 0.0000 0.4923 0.5077;
        ("s4") 0.0000 0.5051 0.4949;
        ("s5") 0.0000 0.7445 0.2555;
        ("s6") 0.6286 0.1665 0.2049;
        ("s7") 1.0000 0.0000 0.0000;
}

probability( "v201" | "v221" ) {
        ("s0") 0.0264 0.0000 0.3419 0.6317;
        ("s1") 0.0003 0.6466 0.0862 0.2669;
        ("s2") 0.0002 0.7851 0.2050 0.0097;
        ("s3") 0.0000 0.7990 0.1777 0.0233;
        ("s4") 0.9784 0.0000 0.0000 0.0216;
        ("s5") 0.0142 0.0210 0.3671 0.5977;
        ("s6") 1.0000 0.0000 0.0000 0.0000;
        ("s7") 0.1663 0.0000 0.2552 0.5785;
}

probability( "a2" | "v201" ) {
        ("s0") 0.0000 0.5243 0.4757;
        ("s1") 0.7358 0.1135 0.1507;
        ("s2") 1.0000 0.0000 0.0000;
        ("s3") 0.0000 0.5357 0.4643;
}

probability( "a3" | "v201" ) {
        ("s0") 0.0000 1.0000;
        ("s1") 1.0000 0.0000;
        ("s2") 0.0000 1.0000;
        ("s3") 0.9999 0.0001;
}

probability( "a6" | "v229" ) {
        ("s0") 0.0133 0.9867;
        ("s1") 0.0334 0.9666;
        ("s2") 0.4506 0.5494;
        ("s3") 0.2917 0.7083;
        ("s4") 1.0000 0.0000;
        ("s5") 0.9878 0.0122;
        ("s6") 0.9926 0.0074;
        ("s7") 0.0000 1.0000;
}

//Loglikelihood:  0.0
//Score        :  0.8148148148148149
//LoglikelihoodOfPreviousModel:  -89375.7738438203
