// HNB model in the BIF format
// Produced by the HNB package

network "HLCM4498879" {}

variable "class" { 
      type discrete[2] { "s0" "s1" }
}

variable "v490" { 
      type discrete[7] { "s0" "s1" "s2" "s3" "s4" "s5" "s6" }
}

variable "a4" { 
      type discrete[3] { "s0" "s1" "s2" }
}

variable "v465" { 
      type discrete[9] { "s0" "s1" "s2" "s3" "s4" "s5" "s6" "s7" "s8" }
}

variable "a3" { 
      type discrete[2] { "s0" "s1" }
}

variable "a2" { 
      type discrete[3] { "s0" "s1" "s2" }
}

variable "v512" { 
      type discrete[4] { "s0" "s1" "s2" "s3" }
}

variable "a6" { 
      type discrete[2] { "s0" "s1" }
}

variable "a1" { 
      type discrete[3] { "s0" "s1" "s2" }
}

variable "a5" { 
      type discrete[4] { "s0" "s1" "s2" "s3" }
}

probability( "class" ) {
      table  0.6581 0.3419;
}

probability( "v490" | "class" ) {
        ("s0") 0.0000 0.0000 0.2772 0.0000 0.2361 0.2093 0.2774;
        ("s1") 0.2834 0.1925 0.0000 0.5241 0.0000 0.0000 0.0000;
}

probability( "a4" | "v490" ) {
        ("s0") 1.0000 0.0000 0.0000;
        ("s1") 0.0000 0.4722 0.5278;
        ("s2") 0.0000 0.4849 0.5151;
        ("s3") 0.0000 0.4490 0.5510;
        ("s4") 1.0000 0.0000 0.0000;
        ("s5") 0.5309 0.2200 0.2492;
        ("s6") 0.0000 0.5211 0.4788;
}

probability( "v465" | "v490" ) {
        ("s0") 0.0000 0.0000 0.3208 0.0000 0.4151 0.0000 0.1698 0.0000 0.0943;
        ("s1") 0.0000 0.0000 0.2778 0.0000 0.5556 0.0000 0.1667 0.0000 0.0000;
        ("s2") 0.0000 0.0000 0.2806 0.0000 0.4124 0.0147 0.1759 0.0000 0.1165;
        ("s3") 0.1939 0.1429 0.0000 0.4592 0.0000 0.0000 0.0000 0.2041 0.0000;
        ("s4") 0.0706 0.1065 0.0000 0.1988 0.0000 0.3110 0.0000 0.1248 0.1882;
        ("s5") 0.1062 0.0720 0.0664 0.2437 0.0965 0.2849 0.0275 0.1028 0.0000;
        ("s6") 0.0000 0.0000 0.0000 0.0000 0.0000 0.7058 0.0000 0.0000 0.2942;
}

probability( "a3" | "v465" ) {
        ("s0") 1.0000 0.0000;
        ("s1") 0.0000 1.0000;
        ("s2") 1.0000 0.0000;
        ("s3") 1.0000 0.0000;
        ("s4") 0.0000 1.0000;
        ("s5") 0.8239 0.1761;
        ("s6") 0.0000 1.0000;
        ("s7") 0.0000 1.0000;
        ("s8") 0.0000 1.0000;
}

probability( "a2" | "v465" ) {
        ("s0") 1.0000 0.0000 0.0000;
        ("s1") 0.0000 0.5503 0.4497;
        ("s2") 0.0000 0.5167 0.4833;
        ("s3") 0.0000 0.5021 0.4979;
        ("s4") 0.0000 0.5049 0.4951;
        ("s5") 0.6092 0.2034 0.1874;
        ("s6") 1.0000 0.0000 0.0000;
        ("s7") 1.0000 0.0000 0.0000;
        ("s8") 0.0000 0.5323 0.4677;
}

probability( "v512" | "v465" ) {
        ("s0") 0.0000 0.0000 0.0000 1.0000;
        ("s1") 0.0000 0.0000 1.0000 0.0000;
        ("s2") 0.0000 0.0000 0.0000 1.0000;
        ("s3") 0.5869 0.4131 0.0000 0.0000;
        ("s4") 0.6656 0.3344 0.0000 0.0000;
        ("s5") 0.3457 0.1378 0.5164 0.0000;
        ("s6") 0.0000 0.0000 0.0182 0.9818;
        ("s7") 0.6849 0.3151 0.0000 0.0000;
        ("s8") 0.0000 0.0000 0.0000 1.0000;
}

probability( "a6" | "v512" ) {
        ("s0") 1.0000 0.0000;
        ("s1") 0.0000 1.0000;
        ("s2") 1.0000 0.0000;
        ("s3") 0.0000 1.0000;
}

probability( "a1" | "v512" ) {
        ("s0") 0.0000 0.4914 0.5086;
        ("s1") 1.0000 0.0000 0.0000;
        ("s2") 1.0000 0.0000 0.0000;
        ("s3") 0.0000 0.5132 0.4868;
}

probability( "a5" | "v490" ) {
        ("s0") 0.0943 0.3019 0.3396 0.2642;
        ("s1") 1.0000 0.0000 0.0000 0.0000;
        ("s2") 0.0000 0.3268 0.3690 0.3042;
        ("s3") 0.0000 0.3673 0.3571 0.2755;
        ("s4") 0.0000 0.3059 0.3529 0.3412;
        ("s5") 1.0000 0.0000 0.0000 0.0000;
        ("s6") 0.2269 0.2342 0.2521 0.2869;
}

//Loglikelihood:  -272775.4005729241
//Score        :  -273684.80689927714
//LoglikelihoodOfPreviousModel:  -272776.2431498423
