// HNB model in the BIF format
// Produced by the HNB package

network "HLCM1646039" {}

variable "class" { 
      type discrete[2] { "s0" "s1" }
}

variable "v106" { 
      type discrete[9] { "s0" "s1" "s2" "s3" "s4" "s5" "s6" "s7" "s8" }
}

variable "a2" { 
      type discrete[3] { "s0" "s1" "s2" }
}

variable "v101" { 
      type discrete[6] { "s0" "s1" "s2" "s3" "s4" "s5" }
}

variable "v81" { 
      type discrete[8] { "s0" "s1" "s2" "s3" "s4" "s5" "s6" "s7" }
}

variable "a3" { 
      type discrete[2] { "s0" "s1" }
}

variable "a6" { 
      type discrete[2] { "s0" "s1" }
}

variable "a5" { 
      type discrete[4] { "s0" "s1" "s2" "s3" }
}

variable "a1" { 
      type discrete[3] { "s0" "s1" "s2" }
}

variable "a4" { 
      type discrete[3] { "s0" "s1" "s2" }
}

probability( "class" ) {
      table  0.6701 0.3299;
}

probability( "v106" | "class" ) {
        ("s0") 0.2412 0.1449 0.1147 0.0000 0.2705 0.0000 0.0000 0.0207 0.2080;
        ("s1") 0.0000 0.0000 0.0000 0.2734 0.0000 0.2422 0.4844 0.0000 0.0000;
}

probability( "a2" | "v106" ) {
        ("s0") 0.1390 0.4465 0.4146;
        ("s1") 0.0000 0.5517 0.4483;
        ("s2") 1.0000 0.0000 0.0000;
        ("s3") 1.0000 0.0000 0.0000;
        ("s4") 0.0000 0.4865 0.5135;
        ("s5") 0.0000 0.4839 0.5161;
        ("s6") 0.0000 0.5000 0.5000;
        ("s7") 0.9994 0.0001 0.0005;
        ("s8") 1.0000 0.0000 0.0000;
}

probability( "v101" | "v106" ) {
        ("s0") 0.0000 0.2062 0.3105 0.2408 0.2425 0.0000;
        ("s1") 0.0000 0.4873 0.0000 0.0000 0.3931 0.1195;
        ("s2") 0.7024 0.0775 0.1036 0.0668 0.0435 0.0062;
        ("s3") 0.0000 0.0000 0.0000 0.0000 0.2571 0.7429;
        ("s4") 0.0000 0.0126 0.0000 0.0000 0.3974 0.5901;
        ("s5") 0.0000 0.0000 0.0000 0.0000 0.1613 0.8387;
        ("s6") 0.0000 0.0000 0.5806 0.4194 0.0000 0.0000;
        ("s7") 0.0000 0.6745 0.0922 0.0000 0.2333 0.0000;
        ("s8") 0.0000 0.1465 0.3734 0.2450 0.2351 0.0000;
}

probability( "v81" | "v101" ) {
        ("s0") 0.1874 0.0000 0.0589 0.0460 0.1572 0.2872 0.1384 0.1249;
        ("s1") 0.0000 0.0000 0.0000 0.1918 0.0000 0.0000 0.5312 0.2769;
        ("s2") 0.0000 0.0000 0.0000 0.1919 0.0000 0.0000 0.5886 0.2196;
        ("s3") 0.2505 0.0000 0.1552 0.0000 0.1523 0.4419 0.0000 0.0000;
        ("s4") 0.0000 0.8025 0.0000 0.0000 0.0000 0.0000 0.0000 0.1975;
        ("s5") 0.2531 0.0000 0.1224 0.0000 0.1755 0.4490 0.0000 0.0000;
}

probability( "a3" | "v81" ) {
        ("s0") 0.0000 1.0000;
        ("s1") 0.0000 1.0000;
        ("s2") 0.0000 1.0000;
        ("s3") 1.0000 0.0000;
        ("s4") 0.0000 1.0000;
        ("s5") 1.0000 0.0000;
        ("s6") 1.0000 0.0000;
        ("s7") 0.5200 0.4800;
}

probability( "a6" | "v81" ) {
        ("s0") 1.0000 0.0000;
        ("s1") 0.0000 1.0000;
        ("s2") 0.0000 1.0000;
        ("s3") 0.0000 1.0000;
        ("s4") 1.0000 0.0000;
        ("s5") 0.0000 1.0000;
        ("s6") 1.0000 0.0000;
        ("s7") 1.0000 0.0000;
}

probability( "a5" | "v81" ) {
        ("s0") 0.0000 0.4878 0.4668 0.0454;
        ("s1") 0.0000 0.3000 0.3429 0.3571;
        ("s2") 1.0000 0.0000 0.0000 0.0000;
        ("s3") 1.0000 0.0000 0.0000 0.0000;
        ("s4") 0.0000 0.1401 0.1710 0.6889;
        ("s5") 0.0000 0.3467 0.3200 0.3333;
        ("s6") 0.0000 0.3378 0.3378 0.3243;
        ("s7") 1.0000 0.0000 0.0000 0.0000;
}

probability( "a1" | "v101" ) {
        ("s0") 0.1842 0.3517 0.4640;
        ("s1") 1.0000 0.0000 0.0000;
        ("s2") 0.0000 0.4941 0.5059;
        ("s3") 1.0000 0.0000 0.0000;
        ("s4") 0.3298 0.3254 0.3449;
        ("s5") 0.0000 0.5101 0.4899;
}

probability( "a4" | "v106" ) {
        ("s0") 1.0000 0.0000 0.0000;
        ("s1") 0.0000 0.5083 0.4917;
        ("s2") 1.0000 0.0000 0.0000;
        ("s3") 0.1143 0.4571 0.4286;
        ("s4") 0.0000 0.4813 0.5187;
        ("s5") 1.0000 0.0000 0.0000;
        ("s6") 0.0000 0.4839 0.5161;
        ("s7") 0.0803 0.4217 0.4980;
        ("s8") 0.0190 0.5128 0.4682;
}

//Loglikelihood:  0.0
//Score        :  0.9090909090909091
//LoglikelihoodOfPreviousModel:  -194143.76320853503
