// HNB model in the BIF format
// Produced by the HNB package

network "HLCM198509" {}

variable "v0" { 
      type discrete[3] { "s0" "s1" "s2" }
}

variable "v229" { 
      type discrete[2] { "s0" "s1" }
}

variable "v8" { 
      type discrete[3] { "s0" "s1" "s2" }
}

variable "v9" { 
      type discrete[3] { "s0" "s1" "s2" }
}

variable "v242" { 
      type discrete[3] { "s0" "s1" "s2" }
}

variable "v2" { 
      type discrete[3] { "s0" "s1" "s2" }
}

variable "v234" { 
      type discrete[2] { "s0" "s1" }
}

variable "v4" { 
      type discrete[3] { "s0" "s1" "s2" }
}

variable "v212" { 
      type discrete[3] { "s0" "s1" "s2" }
}

variable "v6" { 
      type discrete[3] { "s0" "s1" "s2" }
}

variable "v7" { 
      type discrete[3] { "s0" "s1" "s2" }
}

probability( "v0" ) {
      table  0.3200 0.4094 0.2706;
}

probability( "v229" | "v0" ) {
        ("s0") 0.4209 0.5791;
        ("s1") 0.0828 0.9172;
        ("s2") 0.2713 0.7287;
}

probability( "v8" | "v229" ) {
        ("s0") 0.5056 0.4573 0.0371;
        ("s1") 0.1455 0.2247 0.6298;
}

probability( "v9" | "v229" ) {
        ("s0") 0.1175 0.7487 0.1338;
        ("s1") 0.4960 0.3763 0.1277;
}

probability( "v242" | "v0" ) {
        ("s0") 0.9769 0.0014 0.0217;
        ("s1") 0.2472 0.0009 0.7519;
        ("s2") 0.0012 0.8890 0.1098;
}

probability( "v2" | "v242" ) {
        ("s0") 0.5833 0.3619 0.0547;
        ("s1") 0.0654 0.1650 0.7696;
        ("s2") 0.2056 0.3323 0.4620;
}

probability( "v234" | "v242" ) {
        ("s0") 0.3419 0.6581;
        ("s1") 0.8756 0.1244;
        ("s2") 0.4542 0.5458;
}

probability( "v4" | "v234" ) {
        ("s0") 0.4371 0.0063 0.5565;
        ("s1") 0.3557 0.5931 0.0512;
}

probability( "v212" | "v234" ) {
        ("s0") 0.3694 0.3418 0.2889;
        ("s1") 0.5059 0.0867 0.4074;
}

probability( "v6" | "v212" ) {
        ("s0") 0.5799 0.0702 0.3499;
        ("s1") 0.0103 0.5157 0.4740;
        ("s2") 0.0239 0.5887 0.3874;
}

probability( "v7" | "v212" ) {
        ("s0") 0.3132 0.0306 0.6562;
        ("s1") 0.3026 0.5850 0.1124;
        ("s2") 0.0011 0.2920 0.7069;
}

//Loglikelihood:  -35305.75092276047
//Score        :  -35510.163559354456
//LoglikelihoodOfPreviousModel:  -15391.148114505364
