// HNB model in the BIF format
// Produced by the HNB package

network "HLCM299727" {}

variable "v0" { 
      type discrete[3] { "s0" "s1" "s2" }
}

variable "v229" { 
      type discrete[3] { "s0" "s1" "s2" }
}

variable "v8" { 
      type discrete[3] { "s0" "s1" "s2" }
}

variable "v9" { 
      type discrete[3] { "s0" "s1" "s2" }
}

variable "v242" { 
      type discrete[3] { "s0" "s1" "s2" }
}

variable "v2" { 
      type discrete[3] { "s0" "s1" "s2" }
}

variable "v234" { 
      type discrete[2] { "s0" "s1" }
}

variable "v4" { 
      type discrete[3] { "s0" "s1" "s2" }
}

variable "v212" { 
      type discrete[3] { "s0" "s1" "s2" }
}

variable "v6" { 
      type discrete[3] { "s0" "s1" "s2" }
}

variable "v7" { 
      type discrete[3] { "s0" "s1" "s2" }
}

probability( "v0" ) {
      table  0.3226 0.4073 0.2700;
}

probability( "v229" | "v0" ) {
        ("s0") 0.3013 0.6080 0.0907;
        ("s1") 0.2645 0.0911 0.6444;
        ("s2") 0.2599 0.3163 0.4238;
}

probability( "v8" | "v229" ) {
        ("s0") 0.1463 0.2133 0.6404;
        ("s1") 0.4325 0.3725 0.1949;
        ("s2") 0.1375 0.2621 0.6004;
}

probability( "v9" | "v229" ) {
        ("s0") 0.7734 0.0788 0.1478;
        ("s1") 0.1328 0.7163 0.1509;
        ("s2") 0.3685 0.5277 0.1038;
}

probability( "v242" | "v0" ) {
        ("s0") 0.9141 0.0857 0.0002;
        ("s1") 0.2039 0.7790 0.0171;
        ("s2") 0.0000 0.0075 0.9925;
}

probability( "v2" | "v242" ) {
        ("s0") 0.6160 0.3610 0.0229;
        ("s1") 0.2336 0.3246 0.4418;
        ("s2") 0.0850 0.1933 0.7216;
}

probability( "v234" | "v242" ) {
        ("s0") 0.6515 0.3485;
        ("s1") 0.6004 0.3996;
        ("s2") 0.1476 0.8524;
}

probability( "v4" | "v234" ) {
        ("s0") 0.3607 0.5522 0.0871;
        ("s1") 0.4580 0.0222 0.5198;
}

probability( "v212" | "v234" ) {
        ("s0") 0.4330 0.1434 0.4236;
        ("s1") 0.3513 0.5035 0.1451;
}

probability( "v6" | "v212" ) {
        ("s0") 0.5410 0.1008 0.3582;
        ("s1") 0.0000 0.5718 0.4282;
        ("s2") 0.1369 0.4629 0.4002;
}

probability( "v7" | "v212" ) {
        ("s0") 0.3651 0.0174 0.6175;
        ("s1") 0.1601 0.5529 0.2870;
        ("s2") 0.0089 0.2086 0.7825;
}

//Loglikelihood:  -353230.61461111775
//Score        :  -353528.158513939
//LoglikelihoodOfPreviousModel:  -154169.735711447
