// HNB model in the BIF format
// Produced by the HNB package

network "HLCM202478" {}

variable "v0" { 
      type discrete[3] { "s0" "s1" "s2" }
}

variable "v2" { 
      type discrete[3] { "s0" "s1" "s2" }
}

variable "v243" { 
      type discrete[3] { "s0" "s1" "s2" }
}

variable "v221" { 
      type discrete[3] { "s0" "s1" "s2" }
}

variable "v8" { 
      type discrete[3] { "s0" "s1" "s2" }
}

variable "v9" { 
      type discrete[3] { "s0" "s1" "s2" }
}

variable "v235" { 
      type discrete[3] { "s0" "s1" "s2" }
}

variable "v4" { 
      type discrete[3] { "s0" "s1" "s2" }
}

variable "v226" { 
      type discrete[2] { "s0" "s1" }
}

variable "v6" { 
      type discrete[3] { "s0" "s1" "s2" }
}

variable "v7" { 
      type discrete[3] { "s0" "s1" "s2" }
}

probability( "v0" ) {
      table  0.2780 0.3280 0.3940;
}

probability( "v2" | "v0" ) {
        ("s0") 0.0576 0.1115 0.8309;
        ("s1") 0.8689 0.1006 0.0305;
        ("s2") 0.0000 0.8807 0.1193;
}

probability( "v243" | "v0" ) {
        ("s0") 0.9499 0.0000 0.0501;
        ("s1") 0.1148 0.0000 0.8852;
        ("s2") 0.0049 0.9873 0.0078;
}

probability( "v221" | "v243" ) {
        ("s0") 0.0088 0.9514 0.0397;
        ("s1") 0.8808 0.0003 0.1189;
        ("s2") 0.0044 0.0570 0.9387;
}

probability( "v8" | "v221" ) {
        ("s0") 0.0173 0.9534 0.0293;
        ("s1") 0.0627 0.0000 0.9373;
        ("s2") 0.8268 0.0476 0.1256;
}

probability( "v9" | "v221" ) {
        ("s0") 0.1449 0.8080 0.0470;
        ("s1") 0.1423 0.8527 0.0050;
        ("s2") 0.0465 0.0592 0.8942;
}

probability( "v235" | "v243" ) {
        ("s0") 0.0410 0.9505 0.0084;
        ("s1") 0.0553 0.0052 0.9395;
        ("s2") 0.1240 0.8618 0.0142;
}

probability( "v4" | "v235" ) {
        ("s0") 0.9871 0.0001 0.0127;
        ("s1") 0.0411 0.9589 0.0000;
        ("s2") 0.1182 0.1002 0.7816;
}

probability( "v226" | "v235" ) {
        ("s0") 0.7350 0.2650;
        ("s1") 0.0857 0.9143;
        ("s2") 0.0912 0.9088;
}

probability( "v6" | "v226" ) {
        ("s0") 0.8663 0.1178 0.0159;
        ("s1") 0.1426 0.8171 0.0403;
}

probability( "v7" | "v226" ) {
        ("s0") 0.0608 0.0303 0.9089;
        ("s1") 0.8063 0.0230 0.1707;
}

//Loglikelihood:  -4568.578944249374
//Score        :  -4758.542214421383
//LoglikelihoodOfPreviousModel:  -1539.6991121998942
