// HNB model in the BIF format
// Produced by the HNB package

network "HLCM57573" {}

variable "v0" { 
      type discrete[3] { "s0" "s1" "s2" }
}

variable "v6" { 
      type discrete[3] { "s0" "s1" "s2" }
}

variable "v7" { 
      type discrete[3] { "s0" "s1" "s2" }
}

variable "v221" { 
      type discrete[3] { "s0" "s1" "s2" }
}

variable "v8" { 
      type discrete[3] { "s0" "s1" "s2" }
}

variable "v9" { 
      type discrete[3] { "s0" "s1" "s2" }
}

variable "v224" { 
      type discrete[3] { "s0" "s1" "s2" }
}

variable "v4" { 
      type discrete[3] { "s0" "s1" "s2" }
}

variable "v2" { 
      type discrete[3] { "s0" "s1" "s2" }
}

probability( "v0" ) {
      table  0.2780 0.3280 0.3940;
}

probability( "v6" | "v0" ) {
        ("s0") 0.2230 0.7194 0.0576;
        ("s1") 0.2622 0.7012 0.0366;
        ("s2") 0.2335 0.7437 0.0228;
}

probability( "v7" | "v0" ) {
        ("s0") 0.7482 0.0252 0.2266;
        ("s1") 0.6555 0.0183 0.3262;
        ("s2") 0.7183 0.0279 0.2538;
}

probability( "v221" | "v0" ) {
        ("s0") 0.0844 0.0084 0.9072;
        ("s1") 0.8339 0.0052 0.1610;
        ("s2") 0.1249 0.8742 0.0008;
}

probability( "v8" | "v221" ) {
        ("s0") 0.8272 0.0475 0.1252;
        ("s1") 0.0169 0.9485 0.0345;
        ("s2") 0.0646 0.0000 0.9354;
}

probability( "v9" | "v221" ) {
        ("s0") 0.0471 0.0576 0.8953;
        ("s1") 0.1458 0.8072 0.0471;
        ("s2") 0.1405 0.8541 0.0054;
}

probability( "v224" | "v0" ) {
        ("s0") 0.0042 0.0154 0.9804;
        ("s1") 0.0000 0.9794 0.0206;
        ("s2") 0.9846 0.0000 0.0154;
}

probability( "v4" | "v224" ) {
        ("s0") 0.1657 0.0969 0.7374;
        ("s1") 0.1488 0.8389 0.0123;
        ("s2") 0.0879 0.9084 0.0037;
}

probability( "v2" | "v224" ) {
        ("s0") 0.0000 0.8927 0.1073;
        ("s1") 0.8863 0.1002 0.0135;
        ("s2") 0.0438 0.1086 0.8476;
}

//Loglikelihood:  -4644.640787245888
//Score        :  -4817.334669220441
//LoglikelihoodOfPreviousModel:  -1784.1269211897666
