// HNB model in the BIF format
// Produced by the HNB package

network "HLCM215667" {}

variable "v0" { 
      type discrete[3] { "s0" "s1" "s2" }
}

variable "v2" { 
      type discrete[3] { "s0" "s1" "s2" }
}

variable "v221" { 
      type discrete[3] { "s0" "s1" "s2" }
}

variable "v8" { 
      type discrete[3] { "s0" "s1" "s2" }
}

variable "v9" { 
      type discrete[3] { "s0" "s1" "s2" }
}

variable "v235" { 
      type discrete[2] { "s0" "s1" }
}

variable "v245" { 
      type discrete[3] { "s0" "s1" "s2" }
}

variable "v4" { 
      type discrete[3] { "s0" "s1" "s2" }
}

variable "v226" { 
      type discrete[2] { "s0" "s1" }
}

variable "v6" { 
      type discrete[3] { "s0" "s1" "s2" }
}

variable "v7" { 
      type discrete[3] { "s0" "s1" "s2" }
}

probability( "v0" ) {
      table  0.2780 0.3280 0.3940;
}

probability( "v2" | "v0" ) {
        ("s0") 0.0576 0.1115 0.8309;
        ("s1") 0.8689 0.1006 0.0305;
        ("s2") 0.0000 0.8807 0.1193;
}

probability( "v221" | "v0" ) {
        ("s0") 0.0084 0.9072 0.0844;
        ("s1") 0.0052 0.1610 0.8339;
        ("s2") 0.8749 0.0002 0.1249;
}

probability( "v8" | "v221" ) {
        ("s0") 0.0170 0.9478 0.0353;
        ("s1") 0.0646 0.0000 0.9354;
        ("s2") 0.8273 0.0475 0.1252;
}

probability( "v9" | "v221" ) {
        ("s0") 0.1457 0.8072 0.0471;
        ("s1") 0.1405 0.8541 0.0054;
        ("s2") 0.0471 0.0576 0.8953;
}

probability( "v235" | "v0" ) {
        ("s0") 0.0031 0.9969;
        ("s1") 0.0110 0.9890;
        ("s2") 0.9785 0.0215;
}

probability( "v245" | "v235" ) {
        ("s0") 0.0889 0.8346 0.0765;
        ("s1") 0.8708 0.0032 0.1260;
}

probability( "v4" | "v245" ) {
        ("s0") 0.0000 0.9979 0.0020;
        ("s1") 0.1111 0.0006 0.8883;
        ("s2") 0.9521 0.0479 0.0000;
}

probability( "v226" | "v245" ) {
        ("s0") 0.9194 0.0806;
        ("s1") 0.8978 0.1022;
        ("s2") 0.4567 0.5433;
}

probability( "v6" | "v226" ) {
        ("s0") 0.1386 0.8209 0.0405;
        ("s1") 0.8786 0.1066 0.0148;
}

probability( "v7" | "v226" ) {
        ("s0") 0.8042 0.0232 0.1726;
        ("s1") 0.0874 0.0292 0.8833;
}

//Loglikelihood:  -4574.0589891009495
//Score        :  -4746.752871075503
//LoglikelihoodOfPreviousModel:  -1539.6991121998942
