// HNB model in the BIF format
// Produced by the HNB package

network "HLCM1476154" {}

variable "class" { 
      type discrete[2] { "s0" "s1" }
}

variable "v739" { 
      type discrete[5] { "s0" "s1" "s2" "s3" "s4" }
}

variable "a4" { 
      type discrete[3] { "s0" "s1" "s2" }
}

variable "a2" { 
      type discrete[3] { "s0" "s1" "s2" }
}

variable "a5" { 
      type discrete[4] { "s0" "s1" "s2" "s3" }
}

variable "a3" { 
      type discrete[2] { "s0" "s1" }
}

variable "a1" { 
      type discrete[3] { "s0" "s1" "s2" }
}

variable "a6" { 
      type discrete[2] { "s0" "s1" }
}

probability( "class" ) {
      table  0.4877 0.5123;
}

probability( "v739" | "class" ) {
        ("s0") 0.3914 0.2142 0.3944 0.0000 0.0000;
        ("s1") 0.0000 0.0000 0.0000 0.9421 0.0579;
}

probability( "a4" | "v739" ) {
        ("s0") 0.4232 0.2823 0.2945;
        ("s1") 0.0000 0.5219 0.4781;
        ("s2") 0.3364 0.3206 0.3430;
        ("s3") 0.3249 0.3142 0.3609;
        ("s4") 1.0000 0.0000 0.0000;
}

probability( "a2" | "v739" ) {
        ("s0") 0.0000 0.0000 1.0000;
        ("s1") 0.0000 0.0776 0.9224;
        ("s2") 0.5007 0.3840 0.1153;
        ("s3") 0.4883 0.5117 0.0000;
        ("s4") 0.0000 0.1707 0.8293;
}

probability( "a5" | "v739" ) {
        ("s0") 0.4186 0.3374 0.0000 0.2440;
        ("s1") 0.0000 0.2270 0.5297 0.2433;
        ("s2") 0.0000 0.0000 0.0000 1.0000;
        ("s3") 0.3482 0.3524 0.2995 0.0000;
        ("s4") 0.0000 0.0000 0.9309 0.0691;
}

probability( "a3" | "v739" ) {
        ("s0") 0.4500 0.5500;
        ("s1") 0.5533 0.4467;
        ("s2") 0.5314 0.4686;
        ("s3") 0.4846 0.5154;
        ("s4") 0.7508 0.2492;
}

probability( "a1" | "class" ) {
        ("s0") 0.3487 0.3235 0.3277;
        ("s1") 0.3440 0.3320 0.3240;
}

probability( "a6" | "class" ) {
        ("s0") 0.4958 0.5042;
        ("s1") 0.4800 0.5200;
}

//Loglikelihood:  0.0
//Score        :  0.9696969696969697
//LoglikelihoodOfPreviousModel:  -18870.557726444975
