// HNB model in the BIF format
// Produced by the HNB package

network "HLCM732608" {}

variable "class" { 
      type discrete[2] { "s0" "s1" }
}

variable "a1" { 
      type discrete[3] { "s0" "s1" "s2" }
}

variable "a3" { 
      type discrete[2] { "s0" "s1" }
}

variable "a6" { 
      type discrete[2] { "s0" "s1" }
}

variable "v408" { 
      type discrete[5] { "s0" "s1" "s2" "s3" "s4" }
}

variable "a2" { 
      type discrete[3] { "s0" "s1" "s2" }
}

variable "a5" { 
      type discrete[4] { "s0" "s1" "s2" "s3" }
}

variable "a4" { 
      type discrete[3] { "s0" "s1" "s2" }
}

probability( "class" ) {
      table  0.4822 0.5178;
}

probability( "a1" | "class" ) {
        ("s0") 0.3361 0.3361 0.3279;
        ("s1") 0.3282 0.3397 0.3321;
}

probability( "a3" | "class" ) {
        ("s0") 0.5164 0.4836;
        ("s1") 0.5153 0.4847;
}

probability( "a6" | "class" ) {
        ("s0") 0.5123 0.4877;
        ("s1") 0.4962 0.5038;
}

probability( "v408" | "class" ) {
        ("s0") 0.2053 0.3471 0.0000 0.4476 0.0000;
        ("s1") 0.0000 0.0000 0.9427 0.0000 0.0573;
}

probability( "a2" | "v408" ) {
        ("s0") 0.0000 0.0828 0.9172;
        ("s1") 0.5077 0.4469 0.0453;
        ("s2") 0.5101 0.4899 0.0000;
        ("s3") 0.0000 0.0000 1.0000;
        ("s4") 0.0001 0.0000 0.9999;
}

probability( "a5" | "v408" ) {
        ("s0") 0.0001 0.1816 0.6897 0.1285;
        ("s1") 0.0000 0.0000 0.0171 0.9829;
        ("s2") 0.3563 0.3441 0.2996 0.0000;
        ("s3") 0.4120 0.3013 0.0000 0.2867;
        ("s4") 0.0000 0.0000 0.9333 0.0667;
}

probability( "a4" | "v408" ) {
        ("s0") 0.0000 0.5331 0.4669;
        ("s1") 0.3462 0.3071 0.3467;
        ("s2") 0.3077 0.3320 0.3603;
        ("s3") 0.3725 0.2864 0.3410;
        ("s4") 1.0000 0.0000 0.0000;
}

//Loglikelihood:  0.0
//Score        :  1.0
//LoglikelihoodOfPreviousModel:  -8156.402609645687
