// HNB model in the BIF format
// Produced by the HNB package

network "HLCM2075868" {}

variable "class" { 
      type discrete[2] { "s0" "s1" }
}

variable "a1" { 
      type discrete[3] { "s0" "s1" "s2" }
}

variable "a6" { 
      type discrete[2] { "s0" "s1" }
}

variable "v981" { 
      type discrete[5] { "s0" "s1" "s2" "s3" "s4" }
}

variable "a2" { 
      type discrete[3] { "s0" "s1" "s2" }
}

variable "a5" { 
      type discrete[4] { "s0" "s1" "s2" "s3" }
}

variable "a4" { 
      type discrete[3] { "s0" "s1" "s2" }
}

variable "a3" { 
      type discrete[2] { "s0" "s1" }
}

probability( "class" ) {
      table  0.4802 0.5198;
}

probability( "a1" | "class" ) {
        ("s0") 0.3306 0.3512 0.3182;
        ("s1") 0.3473 0.3359 0.3168;
}

probability( "a6" | "class" ) {
        ("s0") 0.5083 0.4917;
        ("s1") 0.4809 0.5191;
}

probability( "v981" | "class" ) {
        ("s0") 0.0000 0.3747 0.1909 0.0000 0.4344;
        ("s1") 0.9314 0.0000 0.0000 0.0686 0.0000;
}

probability( "a2" | "v981" ) {
        ("s0") 0.4918 0.5082 0.0000;
        ("s1") 0.4853 0.4259 0.0889;
        ("s2") 0.0000 0.0950 0.9050;
        ("s3") 0.0000 0.2215 0.7785;
        ("s4") 0.0000 0.0000 1.0000;
}

probability( "a5" | "v981" ) {
        ("s0") 0.3442 0.3565 0.2992 0.0000;
        ("s1") 0.0000 0.0000 0.0165 0.9835;
        ("s2") 0.0000 0.1781 0.6387 0.1832;
        ("s3") 0.0000 0.0000 1.0000 0.0000;
        ("s4") 0.4280 0.3403 0.0000 0.2317;
}

probability( "a4" | "v981" ) {
        ("s0") 0.3238 0.3360 0.3401;
        ("s1") 0.3391 0.3149 0.3459;
        ("s2") 0.0000 0.5281 0.4719;
        ("s3") 1.0000 0.0000 0.0000;
        ("s4") 0.3733 0.2953 0.3313;
}

probability( "a3" | "class" ) {
        ("s0") 0.5041 0.4959;
        ("s1") 0.5267 0.4733;
}

//Loglikelihood:  0.0
//Score        :  0.98
//LoglikelihoodOfPreviousModel:  -8120.342779518738
