// HNB model in the BIF format
// Produced by the HNB package

network "HLCM301423" {}

variable "class" { 
      type discrete[2] { "s0" "s1" }
}

variable "a1" { 
      type discrete[3] { "s0" "s1" "s2" }
}

variable "a3" { 
      type discrete[2] { "s0" "s1" }
}

variable "a6" { 
      type discrete[2] { "s0" "s1" }
}

variable "v182" { 
      type discrete[5] { "s0" "s1" "s2" "s3" "s4" }
}

variable "a2" { 
      type discrete[3] { "s0" "s1" "s2" }
}

variable "a5" { 
      type discrete[4] { "s0" "s1" "s2" "s3" }
}

variable "a4" { 
      type discrete[3] { "s0" "s1" "s2" }
}

probability( "class" ) {
      table  0.4807 0.5193;
}

probability( "a1" | "class" ) {
        ("s0") 0.3333 0.3418 0.3249;
        ("s1") 0.3750 0.3203 0.3047;
}

probability( "a3" | "class" ) {
        ("s0") 0.5063 0.4937;
        ("s1") 0.5195 0.4805;
}

probability( "a6" | "class" ) {
        ("s0") 0.4937 0.5063;
        ("s1") 0.4961 0.5039;
}

probability( "v182" | "class" ) {
        ("s0") 0.0000 0.1774 0.3236 0.4989 0.0000;
        ("s1") 0.0561 0.0000 0.0000 0.0000 0.9439;
}

probability( "a2" | "v182" ) {
        ("s0") 0.0058 0.0896 0.9046;
        ("s1") 0.0000 0.0680 0.9320;
        ("s2") 0.0000 0.0000 1.0000;
        ("s3") 0.3636 0.3226 0.3138;
        ("s4") 0.4880 0.5120 0.0000;
}

probability( "a5" | "v182" ) {
        ("s0") 0.0000 0.0000 0.9304 0.0696;
        ("s1") 0.0000 0.2410 0.6976 0.0614;
        ("s2") 0.5215 0.3894 0.0000 0.0891;
        ("s3") 0.0000 0.0000 0.0141 0.9859;
        ("s4") 0.3394 0.3435 0.3171 0.0000;
}

probability( "a4" | "v182" ) {
        ("s0") 1.0000 0.0000 0.0000;
        ("s1") 0.0000 0.4946 0.5054;
        ("s2") 0.4151 0.2765 0.3084;
        ("s3") 0.3312 0.3213 0.3475;
        ("s4") 0.3254 0.3394 0.3352;
}

//Loglikelihood:  0.0
//Score        :  0.9836065573770492
//LoglikelihoodOfPreviousModel:  -7937.005952777231
