// HNB model in the BIF format
// Produced by the HNB package

network "HLCM2229615" {}

variable "class" { 
      type discrete[2] { "s0" "s1" }
}

variable "a1" { 
      type discrete[3] { "s0" "s1" "s2" }
}

variable "a3" { 
      type discrete[2] { "s0" "s1" }
}

variable "a6" { 
      type discrete[2] { "s0" "s1" }
}

variable "v1104" { 
      type discrete[5] { "s0" "s1" "s2" "s3" "s4" }
}

variable "a2" { 
      type discrete[3] { "s0" "s1" "s2" }
}

variable "a5" { 
      type discrete[4] { "s0" "s1" "s2" "s3" }
}

variable "a4" { 
      type discrete[3] { "s0" "s1" "s2" }
}

probability( "class" ) {
      table  0.4672 0.5328;
}

probability( "a1" | "class" ) {
        ("s0") 0.3377 0.3421 0.3202;
        ("s1") 0.3769 0.3000 0.3231;
}

probability( "a3" | "class" ) {
        ("s0") 0.4868 0.5132;
        ("s1") 0.5038 0.4962;
}

probability( "a6" | "class" ) {
        ("s0") 0.5132 0.4868;
        ("s1") 0.4769 0.5231;
}

probability( "v1104" | "class" ) {
        ("s0") 0.0000 0.3417 0.3548 0.3034 0.0000;
        ("s1") 0.9462 0.0000 0.0000 0.0000 0.0538;
}

probability( "a2" | "v1104" ) {
        ("s0") 0.4919 0.5081 0.0000;
        ("s1") 0.0000 0.0393 0.9607;
        ("s2") 0.5192 0.4566 0.0242;
        ("s3") 0.0000 0.0000 1.0000;
        ("s4") 0.0000 0.0000 1.0000;
}

probability( "a5" | "v1104" ) {
        ("s0") 0.3577 0.3171 0.3252 0.0000;
        ("s1") 0.2037 0.2067 0.3904 0.1991;
        ("s2") 0.0000 0.0000 0.0195 0.9805;
        ("s3") 0.3054 0.3454 0.0000 0.3493;
        ("s4") 0.0000 0.0000 0.9286 0.0714;
}

probability( "a4" | "v1104" ) {
        ("s0") 0.3333 0.3252 0.3415;
        ("s1") 0.0000 0.5298 0.4702;
        ("s2") 0.3674 0.3174 0.3153;
        ("s3") 0.5822 0.1596 0.2582;
        ("s4") 1.0000 0.0000 0.0000;
}

//Loglikelihood:  0.0
//Score        :  0.9848484848484849
//LoglikelihoodOfPreviousModel:  -7848.31824354275
