// HNB model in the BIF format
// Produced by the HNB package

network "HLCM4523707" {}

variable "class" { 
      type discrete[2] { "s0" "s1" }
}

variable "v490" { 
      type discrete[9] { "s0" "s1" "s2" "s3" "s4" "s5" "s6" "s7" "s8" }
}

variable "a4" { 
      type discrete[3] { "s0" "s1" "s2" }
}

variable "v465" { 
      type discrete[15] { "s0" "s1" "s2" "s3" "s4" "s5" "s6" "s7" "s8" "s9" "s10" "s11" "s12" "s13" "s14" }
}

variable "a3" { 
      type discrete[2] { "s0" "s1" }
}

variable "a6" { 
      type discrete[2] { "s0" "s1" }
}

variable "a2" { 
      type discrete[3] { "s0" "s1" "s2" }
}

variable "a1" { 
      type discrete[3] { "s0" "s1" "s2" }
}

variable "a5" { 
      type discrete[4] { "s0" "s1" "s2" "s3" }
}

probability( "class" ) {
      table  0.6581 0.3419;
}

probability( "v490" | "class" ) {
        ("s0") 0.0426 0.0000 0.0353 0.0000 0.0000 0.2296 0.2361 0.4564 0.0000;
        ("s1") 0.0267 0.1056 0.0000 0.2567 0.1925 0.0000 0.0000 0.0000 0.4185;
}

probability( "a4" | "v490" ) {
        ("s0") 1.0000 0.0000 0.0000;
        ("s1") 0.0000 0.7241 0.2759;
        ("s2") 0.0000 0.4797 0.5203;
        ("s3") 1.0000 0.0000 0.0000;
        ("s4") 0.0000 0.4722 0.5278;
        ("s5") 0.2984 0.3387 0.3629;
        ("s6") 1.0000 0.0000 0.0000;
        ("s7") 0.0000 0.5046 0.4954;
        ("s8") 0.0000 0.3796 0.6204;
}

probability( "v465" | "v490" ) {
        ("s0") 0.0000 0.0341 0.0000 0.0948 0.0000 0.2893 0.1231 0.2398 0.0000 0.0000 0.0000 0.0098 0.2091 0.0000 0.0000;
        ("s1") 0.0000 0.1875 0.0000 0.0000 0.2952 0.0000 0.0000 0.0000 0.3022 0.0436 0.0000 0.0000 0.0000 0.1715 0.0000;
        ("s2") 0.0000 0.0000 0.0000 0.1335 0.0000 0.2351 0.0024 0.3082 0.0000 0.0000 0.0000 0.3191 0.0016 0.0000 0.0000;
        ("s3") 0.0000 0.0000 0.0000 0.1458 0.0000 0.3125 0.0000 0.3542 0.0000 0.0000 0.1875 0.0000 0.0000 0.0000 0.0000;
        ("s4") 0.0000 0.0000 0.0000 0.1667 0.0000 0.3889 0.0000 0.2778 0.0000 0.0000 0.1667 0.0000 0.0000 0.0000 0.0000;
        ("s5") 0.2719 0.0943 0.2191 0.0000 0.0894 0.0000 0.0000 0.0000 0.0447 0.0323 0.0000 0.0819 0.0020 0.0897 0.0746;
        ("s6") 0.1156 0.0937 0.2742 0.0000 0.1142 0.0000 0.0000 0.0000 0.0000 0.0336 0.0000 0.0002 0.1877 0.0676 0.1133;
        ("s7") 0.3502 0.0000 0.0000 0.0842 0.0000 0.1414 0.1241 0.1417 0.0000 0.0000 0.0000 0.0041 0.1543 0.0000 0.0000;
        ("s8") 0.0000 0.1955 0.0000 0.0000 0.0916 0.0000 0.0000 0.0000 0.2560 0.0785 0.0000 0.0000 0.0000 0.1995 0.1789;
}

probability( "a3" | "v465" ) {
        ("s0") 0.8258 0.1742;
        ("s1") 1.0000 0.0000;
        ("s2") 1.0000 0.0000;
        ("s3") 0.0000 1.0000;
        ("s4") 0.0000 1.0000;
        ("s5") 0.0000 1.0000;
        ("s6") 0.0000 1.0000;
        ("s7") 1.0000 0.0000;
        ("s8") 1.0000 0.0000;
        ("s9") 0.0005 0.9995;
        ("s10") 0.0000 1.0000;
        ("s11") 0.0000 1.0000;
        ("s12") 0.0000 1.0000;
        ("s13") 1.0000 0.0000;
        ("s14") 0.0000 1.0000;
}

probability( "a6" | "v465" ) {
        ("s0") 0.8225 0.1775;
        ("s1") 0.0000 1.0000;
        ("s2") 1.0000 0.0000;
        ("s3") 0.0000 1.0000;
        ("s4") 1.0000 0.0000;
        ("s5") 1.0000 0.0000;
        ("s6") 0.0000 1.0000;
        ("s7") 0.0000 1.0000;
        ("s8") 1.0000 0.0000;
        ("s9") 0.0000 1.0000;
        ("s10") 0.0000 1.0000;
        ("s11") 0.0000 1.0000;
        ("s12") 0.0000 1.0000;
        ("s13") 0.0000 1.0000;
        ("s14") 1.0000 0.0000;
}

probability( "a2" | "v465" ) {
        ("s0") 0.6455 0.1848 0.1698;
        ("s1") 0.0188 0.5160 0.4652;
        ("s2") 0.2876 0.3430 0.3693;
        ("s3") 0.0000 0.4829 0.5171;
        ("s4") 1.0000 0.0000 0.0000;
        ("s5") 0.0000 0.5160 0.4840;
        ("s6") 0.8132 0.0452 0.1416;
        ("s7") 0.0000 0.5168 0.4832;
        ("s8") 0.0000 0.5021 0.4979;
        ("s9") 1.0000 0.0000 0.0000;
        ("s10") 1.0000 0.0000 0.0000;
        ("s11") 0.0000 0.5413 0.4587;
        ("s12") 0.0000 0.5571 0.4429;
        ("s13") 1.0000 0.0000 0.0000;
        ("s14") 0.0000 0.5494 0.4506;
}

probability( "a1" | "v465" ) {
        ("s0") 0.7306 0.1390 0.1304;
        ("s1") 1.0000 0.0000 0.0000;
        ("s2") 0.1750 0.4281 0.3969;
        ("s3") 1.0000 0.0000 0.0000;
        ("s4") 0.0617 0.4850 0.4533;
        ("s5") 0.0000 0.4672 0.5328;
        ("s6") 0.0000 0.5823 0.4177;
        ("s7") 0.0000 0.4995 0.5005;
        ("s8") 0.0000 0.4692 0.5308;
        ("s9") 1.0000 0.0000 0.0000;
        ("s10") 0.0000 0.4667 0.5333;
        ("s11") 0.0000 0.5243 0.4757;
        ("s12") 0.0000 0.5507 0.4493;
        ("s13") 0.0000 0.4518 0.5482;
        ("s14") 1.0000 0.0000 0.0000;
}

probability( "a5" | "v490" ) {
        ("s0") 1.0000 0.0000 0.0000 0.0000;
        ("s1") 0.0000 0.5525 0.4032 0.0443;
        ("s2") 0.0000 0.0610 0.9257 0.0133;
        ("s3") 0.0000 0.3333 0.3750 0.2917;
        ("s4") 1.0000 0.0000 0.0000 0.0000;
        ("s5") 1.0000 0.0000 0.0000 0.0000;
        ("s6") 0.0000 0.3059 0.3529 0.3412;
        ("s7") 0.0000 0.3361 0.3058 0.3581;
        ("s8") 0.0000 0.3206 0.3455 0.3339;
}

//Loglikelihood:  0.0
//Score        :  1.0
//LoglikelihoodOfPreviousModel:  -271258.0058502178
