// HNB model in the BIF format
// Produced by the HNB package

network "HLCM550447" {}

variable "v0" { 
      type discrete[3] { "s0" "s1" "s2" }
}

variable "v2" { 
      type discrete[3] { "s0" "s1" "s2" }
}

variable "v234" { 
      type discrete[4] { "s0" "s1" "s2" "s3" }
}

variable "v4" { 
      type discrete[3] { "s0" "s1" "s2" }
}

variable "v212" { 
      type discrete[3] { "s0" "s1" "s2" }
}

variable "v6" { 
      type discrete[3] { "s0" "s1" "s2" }
}

variable "v7" { 
      type discrete[3] { "s0" "s1" "s2" }
}

variable "v229" { 
      type discrete[3] { "s0" "s1" "s2" }
}

variable "v8" { 
      type discrete[3] { "s0" "s1" "s2" }
}

variable "v9" { 
      type discrete[3] { "s0" "s1" "s2" }
}

probability( "v0" ) {
      table  0.3240 0.4044 0.2716;
}

probability( "v2" | "v0" ) {
        ("s0") 0.5812 0.3592 0.0597;
        ("s1") 0.3126 0.3313 0.3561;
        ("s2") 0.0863 0.1967 0.7170;
}

probability( "v234" | "v0" ) {
        ("s0") 0.3508 0.1709 0.4532 0.0251;
        ("s1") 0.0391 0.5161 0.0322 0.4126;
        ("s2") 0.4609 0.0750 0.0491 0.4150;
}

probability( "v4" | "v234" ) {
        ("s0") 0.4588 0.0363 0.5049;
        ("s1") 0.3531 0.6039 0.0430;
        ("s2") 0.3573 0.5558 0.0869;
        ("s3") 0.4605 0.0230 0.5164;
}

probability( "v212" | "v234" ) {
        ("s0") 0.1793 0.3356 0.4851;
        ("s1") 0.2152 0.5816 0.2032;
        ("s2") 0.2177 0.5815 0.2008;
        ("s3") 0.1838 0.3715 0.4446;
}

probability( "v6" | "v212" ) {
        ("s0") 0.6411 0.0119 0.3470;
        ("s1") 0.2723 0.3424 0.3854;
        ("s2") 0.0003 0.5747 0.4249;
}

probability( "v7" | "v212" ) {
        ("s0") 0.5925 0.0176 0.3899;
        ("s1") 0.0235 0.0735 0.9030;
        ("s2") 0.2130 0.5949 0.1921;
}

probability( "v229" | "v234" ) {
        ("s0") 0.4154 0.4046 0.1799;
        ("s1") 0.3317 0.0183 0.6500;
        ("s2") 0.3326 0.5584 0.1090;
        ("s3") 0.2781 0.0105 0.7114;
}

probability( "v8" | "v229" ) {
        ("s0") 0.1752 0.2160 0.6087;
        ("s1") 0.5600 0.4310 0.0090;
        ("s2") 0.1388 0.2640 0.5971;
}

probability( "v9" | "v229" ) {
        ("s0") 0.5610 0.2637 0.1754;
        ("s1") 0.1016 0.7423 0.1561;
        ("s2") 0.4237 0.4852 0.0911;
}

//Loglikelihood:  -707176.9833015688
//Score        :  -707551.1533791804
//LoglikelihoodOfPreviousModel:  -201390.77286651343
