// HNB model in the BIF format
// Produced by the HNB package

network "HLCM600407" {}

variable "v0" { 
      type discrete[3] { "s0" "s1" "s2" }
}

variable "v2" { 
      type discrete[3] { "s0" "s1" "s2" }
}

variable "v229" { 
      type discrete[3] { "s0" "s1" "s2" }
}

variable "v8" { 
      type discrete[3] { "s0" "s1" "s2" }
}

variable "v9" { 
      type discrete[3] { "s0" "s1" "s2" }
}

variable "v234" { 
      type discrete[4] { "s0" "s1" "s2" "s3" }
}

variable "v4" { 
      type discrete[3] { "s0" "s1" "s2" }
}

variable "v212" { 
      type discrete[3] { "s0" "s1" "s2" }
}

variable "v7" { 
      type discrete[3] { "s0" "s1" "s2" }
}

variable "v6" { 
      type discrete[3] { "s0" "s1" "s2" }
}

probability( "v0" ) {
      table  0.3240 0.4044 0.2716;
}

probability( "v2" | "v0" ) {
        ("s0") 0.5812 0.3592 0.0597;
        ("s1") 0.3126 0.3313 0.3561;
        ("s2") 0.0863 0.1967 0.7170;
}

probability( "v229" | "v0" ) {
        ("s0") 0.4719 0.1554 0.3726;
        ("s1") 0.0573 0.5676 0.3750;
        ("s2") 0.2608 0.3537 0.3855;
}

probability( "v8" | "v229" ) {
        ("s0") 0.4981 0.3976 0.1044;
        ("s1") 0.1406 0.2577 0.6017;
        ("s2") 0.1668 0.2320 0.6012;
}

probability( "v9" | "v229" ) {
        ("s0") 0.0980 0.7465 0.1555;
        ("s1") 0.3527 0.5578 0.0896;
        ("s2") 0.6531 0.1851 0.1618;
}

probability( "v234" | "v0" ) {
        ("s0") 0.2905 0.1696 0.3689 0.1711;
        ("s1") 0.2704 0.1958 0.3404 0.1935;
        ("s2") 0.0751 0.4331 0.0785 0.4133;
}

probability( "v4" | "v234" ) {
        ("s0") 0.3595 0.5434 0.0970;
        ("s1") 0.4455 0.0127 0.5418;
        ("s2") 0.3703 0.5498 0.0799;
        ("s3") 0.4713 0.0242 0.5045;
}

probability( "v212" | "v234" ) {
        ("s0") 0.0087 0.3015 0.6898;
        ("s1") 0.0527 0.3080 0.6393;
        ("s2") 0.4171 0.0079 0.5749;
        ("s3") 0.8556 0.1029 0.0415;
}

probability( "v7" | "v212" ) {
        ("s0") 0.0005 0.7011 0.2984;
        ("s1") 0.8416 0.0129 0.1455;
        ("s2") 0.1147 0.0000 0.8853;
}

probability( "v6" | "v234" ) {
        ("s0") 0.5831 0.0682 0.3487;
        ("s1") 0.3983 0.2248 0.3769;
        ("s2") 0.0744 0.5143 0.4112;
        ("s3") 0.0000 0.5773 0.4227;
}

//Loglikelihood:  -707169.485823163
//Score        :  -707543.6559007745
//LoglikelihoodOfPreviousModel:  -201390.77286651343
