// HNB model in the BIF format
// Produced by the HNB package

network "HLCM317367" {}

variable "v0" { 
      type discrete[3] { "s0" "s1" "s2" }
}

variable "v234" { 
      type discrete[2] { "s0" "s1" }
}

variable "v4" { 
      type discrete[3] { "s0" "s1" "s2" }
}

variable "v212" { 
      type discrete[3] { "s0" "s1" "s2" }
}

variable "v6" { 
      type discrete[3] { "s0" "s1" "s2" }
}

variable "v7" { 
      type discrete[3] { "s0" "s1" "s2" }
}

variable "v241" { 
      type discrete[3] { "s0" "s1" "s2" }
}

variable "v2" { 
      type discrete[3] { "s0" "s1" "s2" }
}

variable "v229" { 
      type discrete[3] { "s0" "s1" "s2" }
}

variable "v8" { 
      type discrete[3] { "s0" "s1" "s2" }
}

variable "v9" { 
      type discrete[3] { "s0" "s1" "s2" }
}

probability( "v0" ) {
      table  0.3240 0.4044 0.2716;
}

probability( "v234" | "v0" ) {
        ("s0") 0.6454 0.3546;
        ("s1") 0.5967 0.4033;
        ("s2") 0.1423 0.8577;
}

probability( "v4" | "v234" ) {
        ("s0") 0.3600 0.5565 0.0834;
        ("s1") 0.4610 0.0230 0.5160;
}

probability( "v212" | "v234" ) {
        ("s0") 0.2085 0.4486 0.3429;
        ("s1") 0.5159 0.1922 0.2918;
}

probability( "v6" | "v212" ) {
        ("s0") 0.0007 0.5741 0.4252;
        ("s1") 0.2136 0.3979 0.3885;
        ("s2") 0.5790 0.0657 0.3553;
}

probability( "v7" | "v212" ) {
        ("s0") 0.1782 0.5511 0.2707;
        ("s1") 0.0076 0.1037 0.8887;
        ("s2") 0.4215 0.0235 0.5550;
}

probability( "v241" | "v0" ) {
        ("s0") 0.0145 0.0016 0.9839;
        ("s1") 0.1753 0.6907 0.1339;
        ("s2") 0.9447 0.0335 0.0218;
}

probability( "v2" | "v241" ) {
        ("s0") 0.0662 0.1877 0.7461;
        ("s1") 0.3231 0.3596 0.3172;
        ("s2") 0.5881 0.3629 0.0491;
}

probability( "v229" | "v241" ) {
        ("s0") 0.3787 0.2414 0.3799;
        ("s1") 0.4215 0.5451 0.0334;
        ("s2") 0.3394 0.0689 0.5917;
}

probability( "v8" | "v229" ) {
        ("s0") 0.1743 0.2453 0.5803;
        ("s1") 0.0656 0.2201 0.7143;
        ("s2") 0.4329 0.3672 0.1999;
}

probability( "v9" | "v229" ) {
        ("s0") 0.8160 0.0363 0.1478;
        ("s1") 0.2477 0.6633 0.0889;
        ("s2") 0.0855 0.7644 0.1501;
}

//Loglikelihood:  -707198.4220435629
//Score        :  -707515.0274938495
//LoglikelihoodOfPreviousModel:  -413813.72315269295
