// HNB model in the BIF format
// Produced by the HNB package

network "HLCM401288" {}

variable "v0" { 
      type discrete[3] { "s0" "s1" "s2" }
}

variable "v2" { 
      type discrete[3] { "s0" "s1" "s2" }
}

variable "v229" { 
      type discrete[5] { "s0" "s1" "s2" "s3" "s4" }
}

variable "v8" { 
      type discrete[3] { "s0" "s1" "s2" }
}

variable "v9" { 
      type discrete[3] { "s0" "s1" "s2" }
}

variable "v234" { 
      type discrete[2] { "s0" "s1" }
}

variable "v245" { 
      type discrete[3] { "s0" "s1" "s2" }
}

variable "v4" { 
      type discrete[3] { "s0" "s1" "s2" }
}

variable "v212" { 
      type discrete[3] { "s0" "s1" "s2" }
}

variable "v6" { 
      type discrete[3] { "s0" "s1" "s2" }
}

variable "v7" { 
      type discrete[3] { "s0" "s1" "s2" }
}

probability( "v0" ) {
      table  0.3240 0.4044 0.2716;
}

probability( "v2" | "v0" ) {
        ("s0") 0.5812 0.3592 0.0597;
        ("s1") 0.3126 0.3313 0.3561;
        ("s2") 0.0863 0.1967 0.7170;
}

probability( "v229" | "v0" ) {
        ("s0") 0.0292 0.4096 0.1049 0.0443 0.4120;
        ("s1") 0.0387 0.3204 0.5180 0.0760 0.0469;
        ("s2") 0.5140 0.0029 0.0297 0.4289 0.0246;
}

probability( "v8" | "v229" ) {
        ("s0") 0.3426 0.3480 0.3095;
        ("s1") 0.1982 0.2413 0.5605;
        ("s2") 0.1184 0.2534 0.6282;
        ("s3") 0.1142 0.2065 0.6793;
        ("s4") 0.5151 0.4062 0.0787;
}

probability( "v9" | "v229" ) {
        ("s0") 0.2108 0.6446 0.1446;
        ("s1") 0.5814 0.2606 0.1580;
        ("s2") 0.3919 0.5137 0.0943;
        ("s3") 0.6526 0.2283 0.1191;
        ("s4") 0.0715 0.7730 0.1555;
}

probability( "v234" | "v229" ) {
        ("s0") 0.0008 0.9992;
        ("s1") 0.7602 0.2398;
        ("s2") 0.6410 0.3590;
        ("s3") 0.0352 0.9648;
        ("s4") 0.7031 0.2969;
}

probability( "v245" | "v234" ) {
        ("s0") 0.0470 0.6458 0.3071;
        ("s1") 0.8618 0.0795 0.0587;
}

probability( "v4" | "v245" ) {
        ("s0") 0.4599 0.0035 0.5366;
        ("s1") 0.3410 0.5615 0.0975;
        ("s2") 0.4230 0.4802 0.0968;
}

probability( "v212" | "v245" ) {
        ("s0") 0.2809 0.4089 0.3102;
        ("s1") 0.5022 0.0833 0.4145;
        ("s2") 0.0785 0.3109 0.6106;
}

probability( "v6" | "v212" ) {
        ("s0") 0.6325 0.0209 0.3465;
        ("s1") 0.0000 0.5741 0.4259;
        ("s2") 0.1187 0.4777 0.4037;
}

probability( "v7" | "v212" ) {
        ("s0") 0.3755 0.0233 0.6012;
        ("s1") 0.2465 0.6411 0.1124;
        ("s2") 0.0290 0.1414 0.8296;
}

//Loglikelihood:  -707187.4184725751
//Score        :  -707607.6402520465
//LoglikelihoodOfPreviousModel:  -201390.77286651343
