// HNB model in the BIF format
// Produced by the HNB package

network "HLCM543180" {}

variable "v0" { 
      type discrete[3] { "s0" "s1" "s2" }
}

variable "v229" { 
      type discrete[4] { "s0" "s1" "s2" "s3" }
}

variable "v8" { 
      type discrete[3] { "s0" "s1" "s2" }
}

variable "v9" { 
      type discrete[3] { "s0" "s1" "s2" }
}

variable "v234" { 
      type discrete[4] { "s0" "s1" "s2" "s3" }
}

variable "v4" { 
      type discrete[3] { "s0" "s1" "s2" }
}

variable "v212" { 
      type discrete[3] { "s0" "s1" "s2" }
}

variable "v6" { 
      type discrete[3] { "s0" "s1" "s2" }
}

variable "v7" { 
      type discrete[3] { "s0" "s1" "s2" }
}

variable "v2" { 
      type discrete[3] { "s0" "s1" "s2" }
}

probability( "v0" ) {
      table  0.3240 0.4044 0.2716;
}

probability( "v229" | "v0" ) {
        ("s0") 0.3643 0.2260 0.0139 0.3958;
        ("s1") 0.6226 0.1508 0.1786 0.0481;
        ("s2") 0.4186 0.1837 0.1765 0.2212;
}

probability( "v8" | "v229" ) {
        ("s0") 0.1553 0.2385 0.6062;
        ("s1") 0.1934 0.2146 0.5920;
        ("s2") 0.1025 0.3038 0.5937;
        ("s3") 0.5549 0.4324 0.0128;
}

probability( "v9" | "v229" ) {
        ("s0") 0.4111 0.4878 0.1011;
        ("s1") 0.6662 0.1178 0.2160;
        ("s2") 0.5006 0.3998 0.0996;
        ("s3") 0.0927 0.7532 0.1541;
}

probability( "v234" | "v0" ) {
        ("s0") 0.6683 0.0179 0.0000 0.3138;
        ("s1") 0.3132 0.2999 0.1630 0.2239;
        ("s2") 0.0163 0.0841 0.7981 0.1014;
}

probability( "v4" | "v234" ) {
        ("s0") 0.3633 0.5289 0.1078;
        ("s1") 0.3667 0.5435 0.0898;
        ("s2") 0.4535 0.0542 0.4923;
        ("s3") 0.4650 0.0149 0.5201;
}

probability( "v212" | "v234" ) {
        ("s0") 0.1901 0.3736 0.4363;
        ("s1") 0.1677 0.3863 0.4460;
        ("s2") 0.4926 0.3059 0.2016;
        ("s3") 0.5295 0.3050 0.1655;
}

probability( "v6" | "v212" ) {
        ("s0") 0.0004 0.5743 0.4253;
        ("s1") 0.5781 0.0674 0.3545;
        ("s2") 0.1734 0.4326 0.3940;
}

probability( "v7" | "v212" ) {
        ("s0") 0.1888 0.5524 0.2588;
        ("s1") 0.3939 0.0195 0.5866;
        ("s2") 0.0038 0.1398 0.8564;
}

probability( "v2" | "v234" ) {
        ("s0") 0.6043 0.3555 0.0402;
        ("s1") 0.0223 0.3109 0.6668;
        ("s2") 0.0235 0.1635 0.8129;
        ("s3") 0.5374 0.3975 0.0651;
}

//Loglikelihood:  -707238.6250625823
//Score        :  -707653.0903793212
//LoglikelihoodOfPreviousModel:  -309026.29751599923
