// HNB model in the BIF format
// Produced by the HNB package

network "HLCM502400" {}

variable "v0" { 
      type discrete[3] { "s0" "s1" "s2" }
}

variable "v2" { 
      type discrete[3] { "s0" "s1" "s2" }
}

variable "v229" { 
      type discrete[2] { "s0" "s1" }
}

variable "v249" { 
      type discrete[3] { "s0" "s1" "s2" }
}

variable "v8" { 
      type discrete[3] { "s0" "s1" "s2" }
}

variable "v9" { 
      type discrete[3] { "s0" "s1" "s2" }
}

variable "v234" { 
      type discrete[2] { "s0" "s1" }
}

variable "v245" { 
      type discrete[2] { "s0" "s1" }
}

variable "v4" { 
      type discrete[3] { "s0" "s1" "s2" }
}

variable "v212" { 
      type discrete[3] { "s0" "s1" "s2" }
}

variable "v6" { 
      type discrete[3] { "s0" "s1" "s2" }
}

variable "v7" { 
      type discrete[3] { "s0" "s1" "s2" }
}

probability( "v0" ) {
      table  0.3240 0.4044 0.2716;
}

probability( "v2" | "v0" ) {
        ("s0") 0.5812 0.3592 0.0597;
        ("s1") 0.3126 0.3313 0.3561;
        ("s2") 0.0863 0.1967 0.7170;
}

probability( "v229" | "v0" ) {
        ("s0") 0.3522 0.6478;
        ("s1") 0.9672 0.0328;
        ("s2") 0.6677 0.3323;
}

probability( "v249" | "v229" ) {
        ("s0") 0.0240 0.5859 0.3901;
        ("s1") 0.6007 0.3579 0.0415;
}

probability( "v8" | "v249" ) {
        ("s0") 0.5689 0.4249 0.0062;
        ("s1") 0.1548 0.2347 0.6105;
        ("s2") 0.1518 0.2663 0.5819;
}

probability( "v9" | "v249" ) {
        ("s0") 0.1078 0.7305 0.1616;
        ("s1") 0.5862 0.2623 0.1515;
        ("s2") 0.2828 0.6387 0.0785;
}

probability( "v234" | "v0" ) {
        ("s0") 0.6630 0.3370;
        ("s1") 0.6038 0.3962;
        ("s2") 0.0529 0.9471;
}

probability( "v245" | "v234" ) {
        ("s0") 0.8877 0.1123;
        ("s1") 0.0845 0.9155;
}

probability( "v4" | "v245" ) {
        ("s0") 0.3563 0.5773 0.0665;
        ("s1") 0.4597 0.0293 0.5110;
}

probability( "v212" | "v245" ) {
        ("s0") 0.5911 0.3592 0.0496;
        ("s1") 0.4120 0.2671 0.3210;
}

probability( "v6" | "v212" ) {
        ("s0") 0.1011 0.4912 0.4077;
        ("s1") 0.6501 0.0066 0.3432;
        ("s2") 0.0000 0.5735 0.4265;
}

probability( "v7" | "v212" ) {
        ("s0") 0.0716 0.2287 0.6996;
        ("s1") 0.3701 0.0001 0.6298;
        ("s2") 0.2612 0.6596 0.0792;
}

//Loglikelihood:  -707210.004876652
//Score        :  -707509.3409387412
//LoglikelihoodOfPreviousModel:  -201390.77286651343
