// HNB model in the BIF format
// Produced by the HNB package

network "HLCM186645" {}

variable "v0" { 
      type discrete[3] { "s0" "s1" "s2" }
}

variable "v2" { 
      type discrete[3] { "s0" "s1" "s2" }
}

variable "v212" { 
      type discrete[3] { "s0" "s1" "s2" }
}

variable "v6" { 
      type discrete[3] { "s0" "s1" "s2" }
}

variable "v7" { 
      type discrete[3] { "s0" "s1" "s2" }
}

variable "v235" { 
      type discrete[3] { "s0" "s1" "s2" }
}

variable "v4" { 
      type discrete[3] { "s0" "s1" "s2" }
}

variable "v229" { 
      type discrete[3] { "s0" "s1" "s2" }
}

variable "v8" { 
      type discrete[3] { "s0" "s1" "s2" }
}

variable "v9" { 
      type discrete[3] { "s0" "s1" "s2" }
}

probability( "v0" ) {
      table  0.3240 0.4044 0.2716;
}

probability( "v2" | "v0" ) {
        ("s0") 0.5812 0.3592 0.0597;
        ("s1") 0.3126 0.3313 0.3561;
        ("s2") 0.0863 0.1967 0.7170;
}

probability( "v212" | "v0" ) {
        ("s0") 0.1792 0.3880 0.4328;
        ("s1") 0.1840 0.3903 0.4257;
        ("s2") 0.3453 0.2820 0.3727;
}

probability( "v6" | "v212" ) {
        ("s0") 0.0034 0.5689 0.4277;
        ("s1") 0.0706 0.5204 0.4090;
        ("s2") 0.5448 0.0990 0.3562;
}

probability( "v7" | "v212" ) {
        ("s0") 0.2097 0.5994 0.1909;
        ("s1") 0.0338 0.2745 0.6917;
        ("s2") 0.3420 0.0178 0.6402;
}

probability( "v235" | "v0" ) {
        ("s0") 0.7445 0.2114 0.0441;
        ("s1") 0.0466 0.9049 0.0485;
        ("s2") 0.0561 0.0804 0.8635;
}

probability( "v4" | "v235" ) {
        ("s0") 0.3919 0.3895 0.2186;
        ("s1") 0.4000 0.3537 0.2463;
        ("s2") 0.4517 0.0570 0.4913;
}

probability( "v229" | "v235" ) {
        ("s0") 0.1630 0.3147 0.5223;
        ("s1") 0.6551 0.3146 0.0303;
        ("s2") 0.4563 0.3154 0.2283;
}

probability( "v8" | "v229" ) {
        ("s0") 0.1093 0.2965 0.5941;
        ("s1") 0.2079 0.1528 0.6393;
        ("s2") 0.5588 0.4393 0.0019;
}

probability( "v9" | "v229" ) {
        ("s0") 0.4570 0.4387 0.1043;
        ("s1") 0.5202 0.3228 0.1570;
        ("s2") 0.1199 0.7202 0.1599;
}

//Loglikelihood:  -707929.1126338189
//Score        :  -708251.4745468381
//LoglikelihoodOfPreviousModel:  -201390.77286651343
