// HNB model in the BIF format
// Produced by the HNB package

network "HLCM1565672" {}

variable "class" { 
      type discrete[2] { "s0" "s1" }
}

variable "a1" { 
      type discrete[3] { "s0" "s1" "s2" }
}

variable "a3" { 
      type discrete[2] { "s0" "s1" }
}

variable "a6" { 
      type discrete[2] { "s0" "s1" }
}

variable "v652" { 
      type discrete[5] { "s0" "s1" "s2" "s3" "s4" }
}

variable "a2" { 
      type discrete[3] { "s0" "s1" "s2" }
}

variable "a5" { 
      type discrete[4] { "s0" "s1" "s2" "s3" }
}

variable "a4" { 
      type discrete[3] { "s0" "s1" "s2" }
}

probability( "class" ) {
      table  0.4911 0.5089;
}

probability( "a1" | "class" ) {
        ("s0") 0.3387 0.3468 0.3145;
        ("s1") 0.3696 0.3152 0.3152;
}

probability( "a3" | "class" ) {
        ("s0") 0.4919 0.5081;
        ("s1") 0.5058 0.4942;
}

probability( "a6" | "class" ) {
        ("s0") 0.5081 0.4919;
        ("s1") 0.4981 0.5019;
}

probability( "v652" | "class" ) {
        ("s0") 0.0000 0.5272 0.0000 0.4728 0.0000;
        ("s1") 0.0579 0.0000 0.4672 0.0000 0.4749;
}

probability( "a2" | "v652" ) {
        ("s0") 0.0000 0.1931 0.8069;
        ("s1") 0.0000 0.0154 0.9846;
        ("s2") 0.5341 0.4659 0.0000;
        ("s3") 0.3923 0.3496 0.2581;
        ("s4") 0.4414 0.5586 0.0000;
}

probability( "a5" | "v652" ) {
        ("s0") 0.0000 0.0000 0.9328 0.0672;
        ("s1") 0.3365 0.3289 0.2206 0.1140;
        ("s2") 0.3084 0.4177 0.2738 0.0000;
        ("s3") 0.0000 0.0000 0.0354 0.9646;
        ("s4") 0.4012 0.2773 0.3216 0.0000;
}

probability( "a4" | "v652" ) {
        ("s0") 1.0000 0.0000 0.0000;
        ("s1") 0.2691 0.3567 0.3742;
        ("s2") 0.6160 0.2721 0.1119;
        ("s3") 0.3566 0.3358 0.3076;
        ("s4") 0.0423 0.3550 0.6027;
}

//Loglikelihood:  0.0
//Score        :  1.0
//LoglikelihoodOfPreviousModel:  -24402.523642991335
