// HNB model in the BIF format
// Produced by the HNB package

network "HLCM197333" {}

variable "v0" { 
      type discrete[3] { "s0" "s1" "s2" }
}

variable "v221" { 
      type discrete[3] { "s0" "s1" "s2" }
}

variable "v8" { 
      type discrete[3] { "s0" "s1" "s2" }
}

variable "v9" { 
      type discrete[3] { "s0" "s1" "s2" }
}

variable "v235" { 
      type discrete[6] { "s0" "s1" "s2" "s3" "s4" "s5" }
}

variable "v4" { 
      type discrete[3] { "s0" "s1" "s2" }
}

variable "v226" { 
      type discrete[3] { "s0" "s1" "s2" }
}

variable "v6" { 
      type discrete[3] { "s0" "s1" "s2" }
}

variable "v7" { 
      type discrete[3] { "s0" "s1" "s2" }
}

variable "v2" { 
      type discrete[3] { "s0" "s1" "s2" }
}

probability( "v0" ) {
      table  0.2767 0.3503 0.3730;
}

probability( "v221" | "v0" ) {
        ("s0") 0.0718 0.9235 0.0047;
        ("s1") 0.8151 0.1694 0.0154;
        ("s2") 0.1031 0.0157 0.8811;
}

probability( "v8" | "v221" ) {
        ("s0") 0.8116 0.0624 0.1260;
        ("s1") 0.0533 0.0099 0.9368;
        ("s2") 0.0085 0.9738 0.0177;
}

probability( "v9" | "v221" ) {
        ("s0") 0.0407 0.0614 0.8978;
        ("s1") 0.1247 0.8671 0.0082;
        ("s2") 0.1362 0.8316 0.0321;
}

probability( "v235" | "v0" ) {
        ("s0") 0.8529 0.0783 0.0000 0.0146 0.0541 0.0000;
        ("s1") 0.0010 0.0000 0.0007 0.2763 0.7220 0.0000;
        ("s2") 0.0000 0.0032 0.6575 0.0003 0.0000 0.3390;
}

probability( "v4" | "v235" ) {
        ("s0") 0.0422 0.9480 0.0099;
        ("s1") 0.8817 0.0684 0.0500;
        ("s2") 0.0064 0.0986 0.8950;
        ("s3") 0.5817 0.3862 0.0321;
        ("s4") 0.0210 0.9676 0.0114;
        ("s5") 0.4292 0.0877 0.4831;
}

probability( "v226" | "v235" ) {
        ("s0") 0.7000 0.0904 0.2096;
        ("s1") 0.0642 0.7593 0.1765;
        ("s2") 0.6840 0.0093 0.3067;
        ("s3") 0.0686 0.6802 0.2512;
        ("s4") 0.7739 0.0153 0.2108;
        ("s5") 0.4843 0.2685 0.2472;
}

probability( "v6" | "v226" ) {
        ("s0") 0.0616 0.9118 0.0266;
        ("s1") 0.8179 0.1250 0.0572;
        ("s2") 0.3564 0.5804 0.0631;
}

probability( "v7" | "v226" ) {
        ("s0") 0.8168 0.0142 0.1690;
        ("s1") 0.0925 0.0440 0.8634;
        ("s2") 0.7588 0.0496 0.1916;
}

probability( "v2" | "v235" ) {
        ("s0") 0.0079 0.1010 0.8911;
        ("s1") 0.0024 0.1098 0.8878;
        ("s2") 0.0065 0.8672 0.1263;
        ("s3") 0.8243 0.1327 0.0430;
        ("s4") 0.8144 0.1395 0.0461;
        ("s5") 0.0053 0.8831 0.1116;
}

//Loglikelihood:  -232201.6824571026
//Score        :  -232650.70325590562
//LoglikelihoodOfPreviousModel:  -111452.98042913171
