// HNB model in the BIF format
// Produced by the HNB package

network "HLCM78893" {}

variable "v0" { 
      type discrete[3] { "s0" "s1" "s2" }
}

variable "v4" { 
      type discrete[3] { "s0" "s1" "s2" }
}

variable "v6" { 
      type discrete[3] { "s0" "s1" "s2" }
}

variable "v2" { 
      type discrete[3] { "s0" "s1" "s2" }
}

variable "v230" { 
      type discrete[3] { "s0" "s1" "s2" }
}

variable "v7" { 
      type discrete[3] { "s0" "s1" "s2" }
}

variable "v221" { 
      type discrete[3] { "s0" "s1" "s2" }
}

variable "v8" { 
      type discrete[3] { "s0" "s1" "s2" }
}

variable "v9" { 
      type discrete[3] { "s0" "s1" "s2" }
}

probability( "v0" ) {
      table  0.2658 0.3528 0.3814;
}

probability( "v4" | "v0" ) {
        ("s0") 0.1136 0.8706 0.0158;
        ("s1") 0.1825 0.8010 0.0164;
        ("s2") 0.1494 0.0970 0.7535;
}

probability( "v6" | "v0" ) {
        ("s0") 0.2521 0.6975 0.0504;
        ("s1") 0.2863 0.6729 0.0408;
        ("s2") 0.2255 0.7289 0.0456;
}

probability( "v2" | "v0" ) {
        ("s0") 0.0745 0.1053 0.8202;
        ("s1") 0.8169 0.1315 0.0516;
        ("s2") 0.0047 0.8584 0.1369;
}

probability( "v230" | "v0" ) {
        ("s0") 0.0758 0.9242 0.0000;
        ("s1") 0.9864 0.0003 0.0133;
        ("s2") 0.0108 0.0276 0.9616;
}

probability( "v7" | "v230" ) {
        ("s0") 0.6661 0.0263 0.3076;
        ("s1") 0.7091 0.0257 0.2652;
        ("s2") 0.7314 0.0254 0.2432;
}

probability( "v221" | "v230" ) {
        ("s0") 0.8272 0.0016 0.1712;
        ("s1") 0.0000 0.0132 0.9868;
        ("s2") 0.1120 0.8878 0.0002;
}

probability( "v8" | "v221" ) {
        ("s0") 0.8199 0.0693 0.1108;
        ("s1") 0.0043 0.9931 0.0026;
        ("s2") 0.0655 0.0022 0.9322;
}

probability( "v9" | "v221" ) {
        ("s0") 0.0336 0.0651 0.9013;
        ("s1") 0.1193 0.8465 0.0342;
        ("s2") 0.1422 0.8491 0.0086;
}

//Loglikelihood:  -23868.195340451985
//Score        :  -24081.125170237392
//LoglikelihoodOfPreviousModel:  -8373.0473553871
