// HNB model in the BIF format
// Produced by the HNB package

network "HLCM218822" {}

variable "v0" { 
      type discrete[3] { "s0" "s1" "s2" }
}

variable "v2" { 
      type discrete[3] { "s0" "s1" "s2" }
}

variable "v243" { 
      type discrete[3] { "s0" "s1" "s2" }
}

variable "v229" { 
      type discrete[2] { "s0" "s1" }
}

variable "v8" { 
      type discrete[3] { "s0" "s1" "s2" }
}

variable "v9" { 
      type discrete[3] { "s0" "s1" "s2" }
}

variable "v234" { 
      type discrete[2] { "s0" "s1" }
}

variable "v4" { 
      type discrete[3] { "s0" "s1" "s2" }
}

variable "v212" { 
      type discrete[3] { "s0" "s1" "s2" }
}

variable "v6" { 
      type discrete[3] { "s0" "s1" "s2" }
}

variable "v7" { 
      type discrete[3] { "s0" "s1" "s2" }
}

probability( "v0" ) {
      table  0.3212 0.4127 0.2661;
}

probability( "v2" | "v0" ) {
        ("s0") 0.5859 0.3568 0.0573;
        ("s1") 0.3179 0.3288 0.3533;
        ("s2") 0.0804 0.1950 0.7245;
}

probability( "v243" | "v0" ) {
        ("s0") 0.4790 0.4761 0.0449;
        ("s1") 0.0077 0.8634 0.1289;
        ("s2") 0.0416 0.1517 0.8067;
}

probability( "v229" | "v243" ) {
        ("s0") 0.7836 0.2164;
        ("s1") 0.0710 0.9290;
        ("s2") 0.2536 0.7464;
}

probability( "v8" | "v229" ) {
        ("s0") 0.5480 0.4437 0.0082;
        ("s1") 0.1336 0.2241 0.6424;
}

probability( "v9" | "v229" ) {
        ("s0") 0.1512 0.6911 0.1577;
        ("s1") 0.4812 0.3854 0.1334;
}

probability( "v234" | "v243" ) {
        ("s0") 0.3398 0.6602;
        ("s1") 0.3559 0.6441;
        ("s2") 0.9844 0.0156;
}

probability( "v4" | "v234" ) {
        ("s0") 0.4558 0.0126 0.5316;
        ("s1") 0.3629 0.5850 0.0521;
}

probability( "v212" | "v234" ) {
        ("s0") 0.2065 0.2900 0.5035;
        ("s1") 0.4281 0.3475 0.2244;
}

probability( "v6" | "v212" ) {
        ("s0") 0.1526 0.4235 0.4239;
        ("s1") 0.6281 0.0353 0.3366;
        ("s2") 0.0014 0.5824 0.4162;
}

probability( "v7" | "v212" ) {
        ("s0") 0.0055 0.0808 0.9137;
        ("s1") 0.3871 0.0367 0.5762;
        ("s2") 0.1876 0.5557 0.2567;
}

//Loglikelihood:  -70587.74807870868
//Score        :  -70808.79624763611
//LoglikelihoodOfPreviousModel:  -20075.43018595477
