// HNB model in the BIF format
// Produced by the HNB package

network "HLCM65564" {}

variable "v0" { 
      type discrete[3] { "s0" "s1" "s2" }
}

variable "v6" { 
      type discrete[3] { "s0" "s1" "s2" }
}

variable "v2" { 
      type discrete[3] { "s0" "s1" "s2" }
}

variable "v221" { 
      type discrete[3] { "s0" "s1" "s2" }
}

variable "v8" { 
      type discrete[3] { "s0" "s1" "s2" }
}

variable "v9" { 
      type discrete[3] { "s0" "s1" "s2" }
}

variable "v223" { 
      type discrete[3] { "s0" "s1" "s2" }
}

variable "v4" { 
      type discrete[3] { "s0" "s1" "s2" }
}

variable "v7" { 
      type discrete[3] { "s0" "s1" "s2" }
}

probability( "v0" ) {
      table  0.2767 0.3503 0.3730;
}

probability( "v6" | "v0" ) {
        ("s0") 0.2354 0.7272 0.0374;
        ("s1") 0.2761 0.6826 0.0413;
        ("s2") 0.2219 0.7376 0.0405;
}

probability( "v2" | "v0" ) {
        ("s0") 0.0630 0.1043 0.8327;
        ("s1") 0.8158 0.1380 0.0462;
        ("s2") 0.0063 0.8700 0.1237;
}

probability( "v221" | "v0" ) {
        ("s0") 0.9170 0.0716 0.0114;
        ("s1") 0.1681 0.8150 0.0169;
        ("s2") 0.0042 0.1028 0.8930;
}

probability( "v8" | "v221" ) {
        ("s0") 0.0536 0.0031 0.9432;
        ("s1") 0.8121 0.0623 0.1257;
        ("s2") 0.0091 0.9610 0.0299;
}

probability( "v9" | "v221" ) {
        ("s0") 0.1244 0.8673 0.0083;
        ("s1") 0.0407 0.0614 0.8979;
        ("s2") 0.1363 0.8316 0.0321;
}

probability( "v223" | "v0" ) {
        ("s0") 0.0983 0.8942 0.0075;
        ("s1") 0.1736 0.8181 0.0082;
        ("s2") 0.0541 0.0678 0.8782;
}

probability( "v4" | "v223" ) {
        ("s0") 0.8694 0.0844 0.0462;
        ("s1") 0.0306 0.9663 0.0031;
        ("s2") 0.1176 0.0287 0.8537;
}

probability( "v7" | "v223" ) {
        ("s0") 0.2942 0.0358 0.6700;
        ("s1") 0.7381 0.0261 0.2358;
        ("s2") 0.7552 0.0262 0.2186;
}

//Loglikelihood:  -235662.59661191358
//Score        :  -235933.09106902385
//LoglikelihoodOfPreviousModel:  -90090.66822948935
