// HNB model in the BIF format
// Produced by the HNB package

network "HLCM88055" {}

variable "v0" { 
      type discrete[3] { "s0" "s1" "s2" }
}

variable "v4" { 
      type discrete[3] { "s0" "s1" "s2" }
}

variable "v6" { 
      type discrete[3] { "s0" "s1" "s2" }
}

variable "v221" { 
      type discrete[3] { "s0" "s1" "s2" }
}

variable "v8" { 
      type discrete[3] { "s0" "s1" "s2" }
}

variable "v9" { 
      type discrete[3] { "s0" "s1" "s2" }
}

variable "v229" { 
      type discrete[3] { "s0" "s1" "s2" }
}

variable "v7" { 
      type discrete[3] { "s0" "s1" "s2" }
}

variable "v2" { 
      type discrete[3] { "s0" "s1" "s2" }
}

probability( "v0" ) {
      table  0.2767 0.3503 0.3730;
}

probability( "v4" | "v0" ) {
        ("s0") 0.1142 0.8720 0.0138;
        ("s1") 0.1763 0.8063 0.0174;
        ("s2") 0.1526 0.0950 0.7524;
}

probability( "v6" | "v0" ) {
        ("s0") 0.2354 0.7272 0.0374;
        ("s1") 0.2761 0.6826 0.0413;
        ("s2") 0.2219 0.7376 0.0405;
}

probability( "v221" | "v0" ) {
        ("s0") 0.0717 0.9191 0.0093;
        ("s1") 0.8151 0.1685 0.0165;
        ("s2") 0.1028 0.0059 0.8913;
}

probability( "v8" | "v221" ) {
        ("s0") 0.8120 0.0623 0.1257;
        ("s1") 0.0535 0.0053 0.9412;
        ("s2") 0.0091 0.9629 0.0281;
}

probability( "v9" | "v221" ) {
        ("s0") 0.0407 0.0614 0.8979;
        ("s1") 0.1245 0.8673 0.0082;
        ("s2") 0.1363 0.8316 0.0321;
}

probability( "v229" | "v0" ) {
        ("s0") 0.0151 0.9106 0.0743;
        ("s1") 0.0021 0.0020 0.9959;
        ("s2") 0.8880 0.1047 0.0074;
}

probability( "v7" | "v229" ) {
        ("s0") 0.7337 0.0265 0.2398;
        ("s1") 0.6974 0.0281 0.2745;
        ("s2") 0.6602 0.0271 0.3127;
}

probability( "v2" | "v229" ) {
        ("s0") 0.0000 0.9683 0.0317;
        ("s1") 0.0023 0.0874 0.9103;
        ("s2") 0.8192 0.1363 0.0445;
}

//Loglikelihood:  -236873.80647383255
//Score        :  -237144.30093094282
//LoglikelihoodOfPreviousModel:  -83587.56238311804
