// HNB model in the BIF format
// Produced by the HNB package

network "HLCM87373" {}

variable "v0" { 
      type discrete[3] { "s0" "s1" "s2" }
}

variable "v4" { 
      type discrete[3] { "s0" "s1" "s2" }
}

variable "v6" { 
      type discrete[3] { "s0" "s1" "s2" }
}

variable "v7" { 
      type discrete[3] { "s0" "s1" "s2" }
}

variable "v231" { 
      type discrete[3] { "s0" "s1" "s2" }
}

variable "v2" { 
      type discrete[3] { "s0" "s1" "s2" }
}

variable "v221" { 
      type discrete[3] { "s0" "s1" "s2" }
}

variable "v8" { 
      type discrete[3] { "s0" "s1" "s2" }
}

variable "v9" { 
      type discrete[3] { "s0" "s1" "s2" }
}

probability( "v0" ) {
      table  0.2707 0.3551 0.3742;
}

probability( "v4" | "v0" ) {
        ("s0") 0.1134 0.8689 0.0177;
        ("s1") 0.1721 0.8063 0.0217;
        ("s2") 0.1571 0.1021 0.7408;
}

probability( "v6" | "v0" ) {
        ("s0") 0.2364 0.7274 0.0362;
        ("s1") 0.2785 0.6776 0.0439;
        ("s2") 0.2151 0.7461 0.0387;
}

probability( "v7" | "v0" ) {
        ("s0") 0.7133 0.0259 0.2608;
        ("s1") 0.6677 0.0262 0.3061;
        ("s2") 0.7360 0.0318 0.2322;
}

probability( "v231" | "v0" ) {
        ("s0") 0.0011 0.0000 0.9989;
        ("s1") 0.9949 0.0006 0.0044;
        ("s2") 0.0007 0.9987 0.0006;
}

probability( "v2" | "v231" ) {
        ("s0") 0.8211 0.1403 0.0386;
        ("s1") 0.0069 0.8713 0.1218;
        ("s2") 0.0686 0.1074 0.8239;
}

probability( "v221" | "v231" ) {
        ("s0") 0.0107 0.1659 0.8233;
        ("s1") 0.8776 0.0161 0.1063;
        ("s2") 0.0082 0.9230 0.0688;
}

probability( "v8" | "v221" ) {
        ("s0") 0.0055 0.9743 0.0202;
        ("s1") 0.0520 0.0097 0.9382;
        ("s2") 0.8010 0.0598 0.1392;
}

probability( "v9" | "v221" ) {
        ("s0") 0.1350 0.8304 0.0346;
        ("s1") 0.1246 0.8658 0.0096;
        ("s2") 0.0412 0.0603 0.8985;
}

//Loglikelihood:  -47562.67791119659
//Score        :  -47792.93642049599
//LoglikelihoodOfPreviousModel:  -16863.103941254092
