// HNB model in the BIF format
// Produced by the HNB package

network "HLCM205519" {}

variable "v0" { 
      type discrete[3] { "s0" "s1" "s2" }
}

variable "v2" { 
      type discrete[3] { "s0" "s1" "s2" }
}

variable "v243" { 
      type discrete[3] { "s0" "s1" "s2" }
}

variable "v229" { 
      type discrete[2] { "s0" "s1" }
}

variable "v8" { 
      type discrete[3] { "s0" "s1" "s2" }
}

variable "v9" { 
      type discrete[3] { "s0" "s1" "s2" }
}

variable "v234" { 
      type discrete[2] { "s0" "s1" }
}

variable "v4" { 
      type discrete[3] { "s0" "s1" "s2" }
}

variable "v212" { 
      type discrete[3] { "s0" "s1" "s2" }
}

variable "v6" { 
      type discrete[3] { "s0" "s1" "s2" }
}

variable "v7" { 
      type discrete[3] { "s0" "s1" "s2" }
}

probability( "v0" ) {
      table  0.3200 0.4094 0.2706;
}

probability( "v2" | "v0" ) {
        ("s0") 0.5744 0.3612 0.0644;
        ("s1") 0.2990 0.3395 0.3615;
        ("s2") 0.0813 0.1833 0.7354;
}

probability( "v243" | "v0" ) {
        ("s0") 0.0290 0.5011 0.4698;
        ("s1") 0.2145 0.7828 0.0027;
        ("s2") 0.9584 0.0121 0.0296;
}

probability( "v229" | "v243" ) {
        ("s0") 0.7652 0.2348;
        ("s1") 0.9630 0.0370;
        ("s2") 0.1996 0.8004;
}

probability( "v8" | "v229" ) {
        ("s0") 0.1472 0.2251 0.6278;
        ("s1") 0.5198 0.4691 0.0111;
}

probability( "v9" | "v229" ) {
        ("s0") 0.4909 0.3806 0.1284;
        ("s1") 0.1136 0.7547 0.1317;
}

probability( "v234" | "v243" ) {
        ("s0") 0.1780 0.8220;
        ("s1") 0.7672 0.2328;
        ("s2") 0.7292 0.2708;
}

probability( "v4" | "v234" ) {
        ("s0") 0.3647 0.5329 0.1024;
        ("s1") 0.4370 0.0012 0.5618;
}

probability( "v212" | "v234" ) {
        ("s0") 0.1927 0.2882 0.5190;
        ("s1") 0.1814 0.5072 0.3114;
}

probability( "v6" | "v212" ) {
        ("s0") 0.5661 0.0575 0.3765;
        ("s1") 0.0371 0.5322 0.4308;
        ("s2") 0.3360 0.3056 0.3585;
}

probability( "v7" | "v212" ) {
        ("s0") 0.7120 0.0248 0.2633;
        ("s1") 0.1651 0.6122 0.2227;
        ("s2") 0.0122 0.0003 0.9875;
}

//Loglikelihood:  -35315.78273817877
//Score        :  -35520.19537477276
//LoglikelihoodOfPreviousModel:  -10045.56300864539
