// HNB model in the BIF format
// Produced by the HNB package

network "HLCM804777" {}

variable "class" { 
      type discrete[2] { "s0" "s1" }
}

variable "v107" { 
      type discrete[6] { "s0" "s1" "s2" "s3" "s4" "s5" }
}

variable "a5" { 
      type discrete[4] { "s0" "s1" "s2" "s3" }
}

variable "v78" { 
      type discrete[7] { "s0" "s1" "s2" "s3" "s4" "s5" "s6" }
}

variable "a6" { 
      type discrete[2] { "s0" "s1" }
}

variable "a4" { 
      type discrete[3] { "s0" "s1" "s2" }
}

variable "v125" { 
      type discrete[4] { "s0" "s1" "s2" "s3" }
}

variable "a2" { 
      type discrete[3] { "s0" "s1" "s2" }
}

variable "a3" { 
      type discrete[2] { "s0" "s1" }
}

variable "a1" { 
      type discrete[3] { "s0" "s1" "s2" }
}

probability( "class" ) {
      table  0.6489 0.3511;
}

probability( "v107" | "class" ) {
        ("s0") 0.1648 0.3183 0.0005 0.0000 0.1285 0.3879;
        ("s1") 0.0000 0.0000 0.2880 0.7120 0.0000 0.0000;
}

probability( "a5" | "v107" ) {
        ("s0") 1.0000 0.0000 0.0000 0.0000;
        ("s1") 0.3528 0.1857 0.2579 0.2036;
        ("s2") 0.1091 0.3090 0.3092 0.2727;
        ("s3") 0.2574 0.2647 0.2574 0.2206;
        ("s4") 0.0468 0.2390 0.2686 0.4457;
        ("s5") 0.0004 0.3450 0.3416 0.3130;
}

probability( "v78" | "v107" ) {
        ("s0") 0.1811 0.1876 0.0000 0.1545 0.2015 0.0965 0.1789;
        ("s1") 0.0793 0.1587 0.0080 0.1498 0.2807 0.0866 0.2369;
        ("s2") 0.0000 0.0000 0.0000 1.0000 0.0000 0.0000 0.0000;
        ("s3") 0.0000 0.0000 0.1983 0.0000 0.4399 0.0000 0.3618;
        ("s4") 0.0173 0.0000 0.0000 0.4993 0.0000 0.4834 0.0000;
        ("s5") 0.2413 0.0000 0.0000 0.7419 0.0000 0.0168 0.0000;
}

probability( "a6" | "v78" ) {
        ("s0") 0.7716 0.2284;
        ("s1") 0.9464 0.0536;
        ("s2") 0.8070 0.1930;
        ("s3") 0.2407 0.7593;
        ("s4") 0.0000 1.0000;
        ("s5") 1.0000 0.0000;
        ("s6") 1.0000 0.0000;
}

probability( "a4" | "v78" ) {
        ("s0") 1.0000 0.0000 0.0000;
        ("s1") 1.0000 0.0000 0.0000;
        ("s2") 0.7486 0.1263 0.1251;
        ("s3") 0.1202 0.4224 0.4574;
        ("s4") 0.4461 0.2589 0.2950;
        ("s5") 0.0625 0.4761 0.4614;
        ("s6") 0.0000 0.5016 0.4984;
}

probability( "v125" | "v78" ) {
        ("s0") 0.5814 0.0000 0.4186 0.0000;
        ("s1") 0.0000 0.3168 0.1644 0.5188;
        ("s2") 0.0000 0.0211 0.0000 0.9789;
        ("s3") 0.0000 0.1988 0.2565 0.5446;
        ("s4") 0.6165 0.0000 0.3835 0.0000;
        ("s5") 1.0000 0.0000 0.0000 0.0000;
        ("s6") 0.0000 0.3085 0.6915 0.0000;
}

probability( "a2" | "v125" ) {
        ("s0") 1.0000 0.0000 0.0000;
        ("s1") 0.6212 0.2210 0.1578;
        ("s2") 0.0000 0.5140 0.4860;
        ("s3") 0.0000 0.5199 0.4801;
}

probability( "a3" | "v125" ) {
        ("s0") 0.7159 0.2841;
        ("s1") 0.0000 1.0000;
        ("s2") 1.0000 0.0000;
        ("s3") 0.0011 0.9989;
}

probability( "a1" | "v107" ) {
        ("s0") 0.0085 0.5048 0.4867;
        ("s1") 1.0000 0.0000 0.0000;
        ("s2") 1.0000 0.0000 0.0000;
        ("s3") 0.0000 0.5000 0.5000;
        ("s4") 0.3943 0.3148 0.2910;
        ("s5") 0.0006 0.4992 0.5002;
}

//Loglikelihood:  0.0
//Score        :  0.9122807017543859
//LoglikelihoodOfPreviousModel:  -31614.707229548607
