// HNB model in the BIF format
// Produced by the HNB package

network "HLCM162196" {}

variable "v0" { 
      type discrete[3] { "s0" "s1" "s2" }
}

variable "v212" { 
      type discrete[3] { "s0" "s1" "s2" }
}

variable "v6" { 
      type discrete[3] { "s0" "s1" "s2" }
}

variable "v7" { 
      type discrete[3] { "s0" "s1" "s2" }
}

variable "v229" { 
      type discrete[3] { "s0" "s1" "s2" }
}

variable "v8" { 
      type discrete[3] { "s0" "s1" "s2" }
}

variable "v9" { 
      type discrete[3] { "s0" "s1" "s2" }
}

variable "v233" { 
      type discrete[3] { "s0" "s1" "s2" }
}

variable "v4" { 
      type discrete[3] { "s0" "s1" "s2" }
}

variable "v2" { 
      type discrete[3] { "s0" "s1" "s2" }
}

probability( "v0" ) {
      table  0.3226 0.4073 0.2700;
}

probability( "v212" | "v0" ) {
        ("s0") 0.2596 0.2655 0.4749;
        ("s1") 0.2839 0.2418 0.4743;
        ("s2") 0.4624 0.0908 0.4468;
}

probability( "v6" | "v212" ) {
        ("s0") 0.0023 0.5715 0.4263;
        ("s1") 0.1227 0.4731 0.4042;
        ("s2") 0.4803 0.1551 0.3646;
}

probability( "v7" | "v212" ) {
        ("s0") 0.1090 0.5689 0.3221;
        ("s1") 0.0040 0.2407 0.7553;
        ("s2") 0.3457 0.0234 0.6309;
}

probability( "v229" | "v0" ) {
        ("s0") 0.1588 0.4891 0.3521;
        ("s1") 0.5861 0.0794 0.3346;
        ("s2") 0.4282 0.2587 0.3130;
}

probability( "v8" | "v229" ) {
        ("s0") 0.1329 0.2715 0.5955;
        ("s1") 0.5069 0.4108 0.0823;
        ("s2") 0.1443 0.2001 0.6557;
}

probability( "v9" | "v229" ) {
        ("s0") 0.4087 0.4995 0.0918;
        ("s1") 0.1405 0.7075 0.1520;
        ("s2") 0.6055 0.2326 0.1619;
}

probability( "v233" | "v0" ) {
        ("s0") 0.8825 0.1173 0.0002;
        ("s1") 0.2422 0.7312 0.0266;
        ("s2") 0.0000 0.0068 0.9932;
}

probability( "v4" | "v233" ) {
        ("s0") 0.3957 0.3659 0.2384;
        ("s1") 0.4019 0.3439 0.2542;
        ("s2") 0.4389 0.1012 0.4599;
}

probability( "v2" | "v233" ) {
        ("s0") 0.6329 0.3624 0.0047;
        ("s1") 0.2099 0.3239 0.4663;
        ("s2") 0.0853 0.1935 0.7212;
}

//Loglikelihood:  -353577.6747762269
//Score        :  -353880.6285681904
//LoglikelihoodOfPreviousModel:  -154969.37982735597
