// HNB model in the BIF format
// Produced by the HNB package

network "HLCM171893" {}

variable "v0" { 
      type discrete[3] { "s0" "s1" "s2" }
}

variable "v2" { 
      type discrete[3] { "s0" "s1" "s2" }
}

variable "v212" { 
      type discrete[3] { "s0" "s1" "s2" }
}

variable "v6" { 
      type discrete[3] { "s0" "s1" "s2" }
}

variable "v7" { 
      type discrete[3] { "s0" "s1" "s2" }
}

variable "v235" { 
      type discrete[3] { "s0" "s1" "s2" }
}

variable "v4" { 
      type discrete[3] { "s0" "s1" "s2" }
}

variable "v229" { 
      type discrete[3] { "s0" "s1" "s2" }
}

variable "v8" { 
      type discrete[3] { "s0" "s1" "s2" }
}

variable "v9" { 
      type discrete[3] { "s0" "s1" "s2" }
}

probability( "v0" ) {
      table  0.3226 0.4073 0.2700;
}

probability( "v2" | "v0" ) {
        ("s0") 0.5831 0.3579 0.0590;
        ("s1") 0.3091 0.3298 0.3611;
        ("s2") 0.0861 0.1943 0.7197;
}

probability( "v212" | "v0" ) {
        ("s0") 0.3777 0.1432 0.4791;
        ("s1") 0.3419 0.1826 0.4756;
        ("s2") 0.0821 0.4839 0.4340;
}

probability( "v6" | "v212" ) {
        ("s0") 0.0714 0.5091 0.4195;
        ("s1") 0.0183 0.5624 0.4192;
        ("s2") 0.4852 0.1524 0.3624;
}

probability( "v7" | "v212" ) {
        ("s0") 0.0351 0.3799 0.5850;
        ("s1") 0.1168 0.5360 0.3472;
        ("s2") 0.3402 0.0073 0.6525;
}

probability( "v235" | "v0" ) {
        ("s0") 0.8315 0.0747 0.0938;
        ("s1") 0.0904 0.1066 0.8030;
        ("s2") 0.0577 0.8884 0.0539;
}

probability( "v4" | "v235" ) {
        ("s0") 0.3936 0.3925 0.2139;
        ("s1") 0.4444 0.0678 0.4878;
        ("s2") 0.3953 0.3708 0.2339;
}

probability( "v229" | "v235" ) {
        ("s0") 0.4908 0.2500 0.2592;
        ("s1") 0.2264 0.6208 0.1528;
        ("s2") 0.0068 0.9094 0.0838;
}

probability( "v8" | "v229" ) {
        ("s0") 0.5484 0.4450 0.0066;
        ("s1") 0.1298 0.2561 0.6141;
        ("s2") 0.1798 0.1592 0.6610;
}

probability( "v9" | "v229" ) {
        ("s0") 0.1328 0.7165 0.1506;
        ("s1") 0.4663 0.4256 0.1082;
        ("s2") 0.5596 0.2517 0.1887;
}

//Loglikelihood:  -353571.22305098304
//Score        :  -353874.1768429465
//LoglikelihoodOfPreviousModel:  -100593.13984068825
