// HNB model in the BIF format
// Produced by the HNB package

network "HLCM294103" {}

variable "v0" { 
      type discrete[3] { "s0" "s1" "s2" }
}

variable "v2" { 
      type discrete[3] { "s0" "s1" "s2" }
}

variable "v243" { 
      type discrete[3] { "s0" "s1" "s2" }
}

variable "v221" { 
      type discrete[3] { "s0" "s1" "s2" }
}

variable "v8" { 
      type discrete[3] { "s0" "s1" "s2" }
}

variable "v9" { 
      type discrete[3] { "s0" "s1" "s2" }
}

variable "v235" { 
      type discrete[3] { "s0" "s1" "s2" }
}

variable "v4" { 
      type discrete[3] { "s0" "s1" "s2" }
}

variable "v226" { 
      type discrete[3] { "s0" "s1" "s2" }
}

variable "v6" { 
      type discrete[3] { "s0" "s1" "s2" }
}

variable "v7" { 
      type discrete[3] { "s0" "s1" "s2" }
}

probability( "v0" ) {
      table  0.2700 0.3576 0.3724;
}

probability( "v2" | "v0" ) {
        ("s0") 0.0704 0.1081 0.8214;
        ("s1") 0.8166 0.1339 0.0496;
        ("s2") 0.0070 0.8680 0.1250;
}

probability( "v243" | "v0" ) {
        ("s0") 0.0000 0.9963 0.0037;
        ("s1") 0.0000 0.0600 0.9400;
        ("s2") 0.9992 0.0002 0.0006;
}

probability( "v221" | "v243" ) {
        ("s0") 0.8591 0.0319 0.1090;
        ("s1") 0.0004 0.9377 0.0619;
        ("s2") 0.0138 0.1165 0.8698;
}

probability( "v8" | "v221" ) {
        ("s0") 0.0053 0.9943 0.0004;
        ("s1") 0.0528 0.0159 0.9313;
        ("s2") 0.8105 0.0637 0.1258;
}

probability( "v9" | "v221" ) {
        ("s0") 0.1417 0.8252 0.0331;
        ("s1") 0.1307 0.8581 0.0113;
        ("s2") 0.0422 0.0637 0.8941;
}

probability( "v235" | "v243" ) {
        ("s0") 0.0016 0.9442 0.0541;
        ("s1") 0.9004 0.0109 0.0887;
        ("s2") 0.8224 0.0102 0.1674;
}

probability( "v4" | "v235" ) {
        ("s0") 0.0369 0.9615 0.0017;
        ("s1") 0.1148 0.0942 0.7910;
        ("s2") 0.8501 0.1055 0.0444;
}

probability( "v226" | "v235" ) {
        ("s0") 0.8804 0.0943 0.0253;
        ("s1") 0.8835 0.0700 0.0465;
        ("s2") 0.1709 0.7799 0.0492;
}

probability( "v6" | "v226" ) {
        ("s0") 0.1129 0.8536 0.0335;
        ("s1") 0.8140 0.1298 0.0562;
        ("s2") 0.7193 0.1825 0.0982;
}

probability( "v7" | "v226" ) {
        ("s0") 0.8130 0.0199 0.1671;
        ("s1") 0.1357 0.0391 0.8252;
        ("s2") 0.5533 0.1734 0.2733;
}

//Loglikelihood:  -465999.9128643627
//Score        :  -466356.81355377677
//LoglikelihoodOfPreviousModel:  -161225.11457488535
