// HNB model in the BIF format
// Produced by the HNB package

network "HLCM64047" {}

variable "v0" { 
      type discrete[3] { "s0" "s1" "s2" }
}

variable "v7" { 
      type discrete[3] { "s0" "s1" "s2" }
}

variable "v2" { 
      type discrete[3] { "s0" "s1" "s2" }
}

variable "v221" { 
      type discrete[3] { "s0" "s1" "s2" }
}

variable "v8" { 
      type discrete[3] { "s0" "s1" "s2" }
}

variable "v9" { 
      type discrete[3] { "s0" "s1" "s2" }
}

variable "v222" { 
      type discrete[3] { "s0" "s1" "s2" }
}

variable "v4" { 
      type discrete[3] { "s0" "s1" "s2" }
}

variable "v6" { 
      type discrete[3] { "s0" "s1" "s2" }
}

probability( "v0" ) {
      table  0.2700 0.3576 0.3724;
}

probability( "v7" | "v0" ) {
        ("s0") 0.7032 0.0281 0.2687;
        ("s1") 0.6644 0.0289 0.3067;
        ("s2") 0.7273 0.0280 0.2448;
}

probability( "v2" | "v0" ) {
        ("s0") 0.0704 0.1081 0.8214;
        ("s1") 0.8166 0.1339 0.0496;
        ("s2") 0.0070 0.8680 0.1250;
}

probability( "v221" | "v0" ) {
        ("s0") 0.9212 0.0644 0.0144;
        ("s1") 0.1630 0.8210 0.0159;
        ("s2") 0.0047 0.1086 0.8867;
}

probability( "v8" | "v221" ) {
        ("s0") 0.0535 0.0019 0.9446;
        ("s1") 0.8115 0.0634 0.1251;
        ("s2") 0.0069 0.9633 0.0298;
}

probability( "v9" | "v221" ) {
        ("s0") 0.1302 0.8585 0.0113;
        ("s1") 0.0420 0.0637 0.8943;
        ("s2") 0.1416 0.8251 0.0332;
}

probability( "v222" | "v0" ) {
        ("s0") 0.8994 0.0905 0.0101;
        ("s1") 0.8283 0.1618 0.0099;
        ("s2") 0.0419 0.0526 0.9055;
}

probability( "v4" | "v222" ) {
        ("s0") 0.0318 0.9665 0.0018;
        ("s1") 0.8827 0.0728 0.0445;
        ("s2") 0.1178 0.0580 0.8242;
}

probability( "v6" | "v222" ) {
        ("s0") 0.1963 0.7670 0.0367;
        ("s1") 0.6696 0.2754 0.0550;
        ("s2") 0.1935 0.7676 0.0389;
}

//Loglikelihood:  -472453.5895832254
//Score        :  -472741.4127198496
//LoglikelihoodOfPreviousModel:  -179355.63580493582
