// HNB model in the BIF format
// Produced by the HNB package

network "HLCM286619" {}

variable "v0" { 
      type discrete[3] { "s0" "s1" "s2" }
}

variable "v221" { 
      type discrete[3] { "s0" "s1" "s2" }
}

variable "v8" { 
      type discrete[3] { "s0" "s1" "s2" }
}

variable "v9" { 
      type discrete[3] { "s0" "s1" "s2" }
}

variable "v242" { 
      type discrete[3] { "s0" "s1" "s2" }
}

variable "v2" { 
      type discrete[3] { "s0" "s1" "s2" }
}

variable "v235" { 
      type discrete[3] { "s0" "s1" "s2" }
}

variable "v4" { 
      type discrete[3] { "s0" "s1" "s2" }
}

variable "v226" { 
      type discrete[2] { "s0" "s1" }
}

variable "v6" { 
      type discrete[3] { "s0" "s1" "s2" }
}

variable "v7" { 
      type discrete[3] { "s0" "s1" "s2" }
}

probability( "v0" ) {
      table  0.2700 0.3576 0.3724;
}

probability( "v221" | "v0" ) {
        ("s0") 0.0143 0.9213 0.0644;
        ("s1") 0.0159 0.1630 0.8210;
        ("s2") 0.8891 0.0023 0.1086;
}

probability( "v8" | "v221" ) {
        ("s0") 0.0070 0.9606 0.0324;
        ("s1") 0.0535 0.0021 0.9444;
        ("s2") 0.8116 0.0634 0.1250;
}

probability( "v9" | "v221" ) {
        ("s0") 0.1416 0.8252 0.0333;
        ("s1") 0.1302 0.8585 0.0113;
        ("s2") 0.0420 0.0637 0.8943;
}

probability( "v242" | "v0" ) {
        ("s0") 0.9847 0.0153 0.0000;
        ("s1") 0.0100 0.9900 0.0000;
        ("s2") 0.0000 0.0001 0.9999;
}

probability( "v2" | "v242" ) {
        ("s0") 0.0588 0.1077 0.8335;
        ("s1") 0.8242 0.1341 0.0416;
        ("s2") 0.0069 0.8681 0.1250;
}

probability( "v235" | "v242" ) {
        ("s0") 0.0075 0.0899 0.9026;
        ("s1") 0.0072 0.1658 0.8270;
        ("s2") 0.9069 0.0554 0.0377;
}

probability( "v4" | "v235" ) {
        ("s0") 0.1164 0.0608 0.8227;
        ("s1") 0.8585 0.0965 0.0450;
        ("s2") 0.0337 0.9621 0.0041;
}

probability( "v226" | "v235" ) {
        ("s0") 0.0901 0.9099;
        ("s1") 0.8035 0.1965;
        ("s2") 0.1059 0.8941;
}

probability( "v6" | "v226" ) {
        ("s0") 0.8101 0.1312 0.0586;
        ("s1") 0.1249 0.8399 0.0353;
}

probability( "v7" | "v226" ) {
        ("s0") 0.1551 0.0615 0.7833;
        ("s1") 0.8121 0.0214 0.1666;
}

//Loglikelihood:  -466042.3040780999
//Score        :  -466358.9095283866
//LoglikelihoodOfPreviousModel:  -224035.1054748861
