// HNB model in the BIF format
// Produced by the HNB package

network "HLCM85692" {}

variable "v0" { 
      type discrete[3] { "s0" "s1" "s2" }
}

variable "v4" { 
      type discrete[3] { "s0" "s1" "s2" }
}

variable "v7" { 
      type discrete[3] { "s0" "s1" "s2" }
}

variable "v2" { 
      type discrete[3] { "s0" "s1" "s2" }
}

variable "v228" { 
      type discrete[3] { "s0" "s1" "s2" }
}

variable "v6" { 
      type discrete[3] { "s0" "s1" "s2" }
}

variable "v221" { 
      type discrete[3] { "s0" "s1" "s2" }
}

variable "v8" { 
      type discrete[3] { "s0" "s1" "s2" }
}

variable "v9" { 
      type discrete[3] { "s0" "s1" "s2" }
}

probability( "v0" ) {
      table  0.2700 0.3576 0.3724;
}

probability( "v4" | "v0" ) {
        ("s0") 0.1097 0.8762 0.0142;
        ("s1") 0.1702 0.8132 0.0166;
        ("s2") 0.1545 0.0968 0.7487;
}

probability( "v7" | "v0" ) {
        ("s0") 0.7032 0.0281 0.2687;
        ("s1") 0.6644 0.0289 0.3067;
        ("s2") 0.7273 0.0280 0.2448;
}

probability( "v2" | "v0" ) {
        ("s0") 0.0704 0.1081 0.8214;
        ("s1") 0.8166 0.1339 0.0496;
        ("s2") 0.0070 0.8680 0.1250;
}

probability( "v228" | "v0" ) {
        ("s0") 0.0109 0.9859 0.0032;
        ("s1") 0.8823 0.1147 0.0030;
        ("s2") 0.0297 0.0061 0.9642;
}

probability( "v6" | "v228" ) {
        ("s0") 0.2761 0.6842 0.0397;
        ("s1") 0.2399 0.7216 0.0385;
        ("s2") 0.2170 0.7433 0.0397;
}

probability( "v221" | "v228" ) {
        ("s0") 0.0133 0.9232 0.0634;
        ("s1") 0.0108 0.0549 0.9344;
        ("s2") 0.9160 0.0840 0.0001;
}

probability( "v8" | "v221" ) {
        ("s0") 0.0067 0.9666 0.0267;
        ("s1") 0.8114 0.0634 0.1252;
        ("s2") 0.0535 0.0026 0.9439;
}

probability( "v9" | "v221" ) {
        ("s0") 0.1416 0.8251 0.0333;
        ("s1") 0.0421 0.0637 0.8942;
        ("s2") 0.1302 0.8585 0.0113;
}

//Loglikelihood:  -475376.7304077897
//Score        :  -475664.55354441394
//LoglikelihoodOfPreviousModel:  -166669.079020657
