// HNB model in the BIF format
// Produced by the HNB package

network "HLCM203764" {}

variable "v0" { 
      type discrete[3] { "s0" "s1" "s2" }
}

variable "v221" { 
      type discrete[6] { "s0" "s1" "s2" "s3" "s4" "s5" }
}

variable "v8" { 
      type discrete[3] { "s0" "s1" "s2" }
}

variable "v9" { 
      type discrete[3] { "s0" "s1" "s2" }
}

variable "v2" { 
      type discrete[3] { "s0" "s1" "s2" }
}

variable "v235" { 
      type discrete[3] { "s0" "s1" "s2" }
}

variable "v4" { 
      type discrete[3] { "s0" "s1" "s2" }
}

variable "v226" { 
      type discrete[3] { "s0" "s1" "s2" }
}

variable "v6" { 
      type discrete[3] { "s0" "s1" "s2" }
}

variable "v7" { 
      type discrete[3] { "s0" "s1" "s2" }
}

probability( "v0" ) {
      table  0.2700 0.3576 0.3724;
}

probability( "v221" | "v0" ) {
        ("s0") 0.0020 0.0000 0.0013 0.1217 0.0008 0.8742;
        ("s1") 0.1858 0.0000 0.7000 0.0006 0.1132 0.0004;
        ("s2") 0.0000 0.8915 0.0000 0.0000 0.1079 0.0005;
}

probability( "v8" | "v221" ) {
        ("s0") 0.0723 0.0845 0.8432;
        ("s1") 0.0079 0.9578 0.0343;
        ("s2") 0.8143 0.0635 0.1222;
        ("s3") 0.6878 0.0619 0.2503;
        ("s4") 0.8086 0.0655 0.1260;
        ("s5") 0.0183 0.0137 0.9680;
}

probability( "v9" | "v221" ) {
        ("s0") 0.1351 0.8437 0.0213;
        ("s1") 0.1419 0.8251 0.0330;
        ("s2") 0.0422 0.0579 0.8999;
        ("s3") 0.0818 0.3736 0.5446;
        ("s4") 0.0371 0.0595 0.9033;
        ("s5") 0.1296 0.8701 0.0003;
}

probability( "v2" | "v221" ) {
        ("s0") 0.8162 0.1366 0.0471;
        ("s1") 0.0068 0.8673 0.1259;
        ("s2") 0.9484 0.0129 0.0387;
        ("s3") 0.0568 0.1050 0.8382;
        ("s4") 0.0084 0.8778 0.1138;
        ("s5") 0.0694 0.1080 0.8227;
}

probability( "v235" | "v0" ) {
        ("s0") 0.8980 0.0904 0.0115;
        ("s1") 0.8238 0.1653 0.0109;
        ("s2") 0.0096 0.0552 0.9352;
}

probability( "v4" | "v235" ) {
        ("s0") 0.0349 0.9643 0.0008;
        ("s1") 0.8492 0.1061 0.0447;
        ("s2") 0.1146 0.0874 0.7979;
}

probability( "v226" | "v235" ) {
        ("s0") 0.1072 0.5272 0.3656;
        ("s1") 0.8027 0.0629 0.1344;
        ("s2") 0.0892 0.4926 0.4182;
}

probability( "v6" | "v226" ) {
        ("s0") 0.8066 0.1339 0.0595;
        ("s1") 0.0540 0.9270 0.0191;
        ("s2") 0.2184 0.7257 0.0559;
}

probability( "v7" | "v226" ) {
        ("s0") 0.1441 0.0475 0.8084;
        ("s1") 0.8025 0.0020 0.1954;
        ("s2") 0.8297 0.0531 0.1172;
}

//Loglikelihood:  -465994.7159922511
//Score        :  -466472.5023990474
//LoglikelihoodOfPreviousModel:  -276342.63202034775
