// HNB model in the BIF format
// Produced by the HNB package

network "HLCM281240" {}

variable "v0" { 
      type discrete[3] { "s0" "s1" "s2" }
}

variable "v235" { 
      type discrete[3] { "s0" "s1" "s2" }
}

variable "v4" { 
      type discrete[3] { "s0" "s1" "s2" }
}

variable "v226" { 
      type discrete[3] { "s0" "s1" "s2" }
}

variable "v6" { 
      type discrete[3] { "s0" "s1" "s2" }
}

variable "v7" { 
      type discrete[3] { "s0" "s1" "s2" }
}

variable "v241" { 
      type discrete[3] { "s0" "s1" "s2" }
}

variable "v2" { 
      type discrete[3] { "s0" "s1" "s2" }
}

variable "v221" { 
      type discrete[3] { "s0" "s1" "s2" }
}

variable "v8" { 
      type discrete[3] { "s0" "s1" "s2" }
}

variable "v9" { 
      type discrete[3] { "s0" "s1" "s2" }
}

probability( "v0" ) {
      table  0.2700 0.3576 0.3724;
}

probability( "v235" | "v0" ) {
        ("s0") 0.0901 0.9050 0.0049;
        ("s1") 0.1640 0.8312 0.0048;
        ("s2") 0.0544 0.0741 0.8715;
}

probability( "v4" | "v235" ) {
        ("s0") 0.8642 0.0911 0.0446;
        ("s1") 0.0340 0.9596 0.0064;
        ("s2") 0.1203 0.0240 0.8558;
}

probability( "v226" | "v235" ) {
        ("s0") 0.8056 0.1716 0.0228;
        ("s1") 0.1084 0.7877 0.1039;
        ("s2") 0.0869 0.7671 0.1461;
}

probability( "v6" | "v226" ) {
        ("s0") 0.8108 0.1302 0.0590;
        ("s1") 0.0836 0.8891 0.0273;
        ("s2") 0.3934 0.5191 0.0874;
}

probability( "v7" | "v226" ) {
        ("s0") 0.1577 0.0450 0.7973;
        ("s1") 0.8128 0.0147 0.1725;
        ("s2") 0.8037 0.0913 0.1050;
}

probability( "v241" | "v0" ) {
        ("s0") 0.0000 0.0004 0.9996;
        ("s1") 0.0001 0.9996 0.0003;
        ("s2") 0.9993 0.0002 0.0005;
}

probability( "v2" | "v241" ) {
        ("s0") 0.0068 0.8685 0.1247;
        ("s1") 0.8168 0.1339 0.0493;
        ("s2") 0.0701 0.1081 0.8218;
}

probability( "v221" | "v241" ) {
        ("s0") 0.0245 0.1091 0.8664;
        ("s1") 0.1648 0.8215 0.0138;
        ("s2") 0.9311 0.0644 0.0045;
}

probability( "v8" | "v221" ) {
        ("s0") 0.0530 0.0118 0.9352;
        ("s1") 0.8108 0.0636 0.1256;
        ("s2") 0.0057 0.9861 0.0082;
}

probability( "v9" | "v221" ) {
        ("s0") 0.1305 0.8583 0.0113;
        ("s1") 0.0421 0.0637 0.8942;
        ("s2") 0.1418 0.8251 0.0332;
}

//Loglikelihood:  -465991.3507462954
//Score        :  -466348.2514357095
//LoglikelihoodOfPreviousModel:  -298552.3182496782
