// HNB model in the BIF format
// Produced by the HNB package

network "HLCM669512" {}

variable "class" { 
      type discrete[2] { "s0" "s1" }
}

variable "a1" { 
      type discrete[3] { "s0" "s1" "s2" }
}

variable "a3" { 
      type discrete[2] { "s0" "s1" }
}

variable "a6" { 
      type discrete[2] { "s0" "s1" }
}

variable "v408" { 
      type discrete[5] { "s0" "s1" "s2" "s3" "s4" }
}

variable "a2" { 
      type discrete[3] { "s0" "s1" "s2" }
}

variable "a5" { 
      type discrete[4] { "s0" "s1" "s2" "s3" }
}

variable "a4" { 
      type discrete[3] { "s0" "s1" "s2" }
}

probability( "class" ) {
      table  0.4822 0.5178;
}

probability( "a1" | "class" ) {
        ("s0") 0.3361 0.3361 0.3279;
        ("s1") 0.3282 0.3397 0.3321;
}

probability( "a3" | "class" ) {
        ("s0") 0.5164 0.4836;
        ("s1") 0.5153 0.4847;
}

probability( "a6" | "class" ) {
        ("s0") 0.5123 0.4877;
        ("s1") 0.4962 0.5038;
}

probability( "v408" | "class" ) {
        ("s0") 0.0000 0.1991 0.4181 0.3827 0.0000;
        ("s1") 0.0573 0.0000 0.0000 0.0000 0.9427;
}

probability( "a2" | "v408" ) {
        ("s0") 0.0001 0.0000 0.9999;
        ("s1") 0.0000 0.0839 0.9161;
        ("s2") 0.4215 0.3717 0.2068;
        ("s3") 0.0000 0.0000 1.0000;
        ("s4") 0.5101 0.4899 0.0000;
}

probability( "a5" | "v408" ) {
        ("s0") 0.0000 0.0000 0.9333 0.0667;
        ("s1") 0.0000 0.1858 0.7082 0.1060;
        ("s2") 0.0000 0.0000 0.0156 0.9844;
        ("s3") 0.4819 0.3531 0.0000 0.1650;
        ("s4") 0.3563 0.3441 0.2996 0.0000;
}

probability( "a4" | "v408" ) {
        ("s0") 1.0000 0.0000 0.0000;
        ("s1") 0.0000 0.5332 0.4668;
        ("s2") 0.3454 0.3059 0.3486;
        ("s3") 0.3722 0.2878 0.3400;
        ("s4") 0.3077 0.3320 0.3603;
}

//Loglikelihood:  0.0
//Score        :  1.0
//LoglikelihoodOfPreviousModel:  -2718.800869881896
