// HNB model in the BIF format
// Produced by the HNB package

network "HLCM249204" {}

variable "class" { 
      type discrete[2] { "s0" "s1" }
}

variable "a1" { 
      type discrete[3] { "s0" "s1" "s2" }
}

variable "v77" { 
      type discrete[5] { "s0" "s1" "s2" "s3" "s4" }
}

variable "a2" { 
      type discrete[3] { "s0" "s1" "s2" }
}

variable "a5" { 
      type discrete[4] { "s0" "s1" "s2" "s3" }
}

variable "a4" { 
      type discrete[3] { "s0" "s1" "s2" }
}

variable "a3" { 
      type discrete[2] { "s0" "s1" }
}

variable "a6" { 
      type discrete[2] { "s0" "s1" }
}

probability( "class" ) {
      table  0.4870 0.5130;
}

probability( "a1" | "class" ) {
        ("s0") 0.3416 0.3416 0.3169;
        ("s1") 0.3477 0.3086 0.3438;
}

probability( "v77" | "class" ) {
        ("s0") 0.0000 0.1823 0.0000 0.4748 0.3429;
        ("s1") 0.9449 0.0000 0.0551 0.0000 0.0000;
}

probability( "a2" | "v77" ) {
        ("s0") 0.4837 0.5163 0.0000;
        ("s1") 0.0000 0.0866 0.9134;
        ("s2") 0.0000 0.0068 0.9932;
        ("s3") 0.3813 0.3654 0.2533;
        ("s4") 0.0000 0.0000 1.0000;
}

probability( "a5" | "v77" ) {
        ("s0") 0.3390 0.3390 0.3220 0.0000;
        ("s1") 0.0000 0.1911 0.7532 0.0557;
        ("s2") 0.0000 0.0000 0.9291 0.0709;
        ("s3") 0.0000 0.0000 0.0142 0.9858;
        ("s4") 0.4561 0.4025 0.0000 0.1415;
}

probability( "a4" | "v77" ) {
        ("s0") 0.3220 0.3307 0.3472;
        ("s1") 0.0000 0.5497 0.4503;
        ("s2") 1.0000 0.0000 0.0000;
        ("s3") 0.3587 0.3018 0.3396;
        ("s4") 0.3914 0.2620 0.3465;
}

probability( "a3" | "class" ) {
        ("s0") 0.5226 0.4774;
        ("s1") 0.5117 0.4883;
}

probability( "a6" | "class" ) {
        ("s0") 0.5226 0.4774;
        ("s1") 0.4805 0.5195;
}

//Loglikelihood:  0.0
//Score        :  1.0
//LoglikelihoodOfPreviousModel:  -2680.227679433705
