// HNB model in the BIF format
// Produced by the HNB package

network "HLCM1237100" {}

variable "class" { 
      type discrete[2] { "s0" "s1" }
}

variable "a1" { 
      type discrete[3] { "s0" "s1" "s2" }
}

variable "a3" { 
      type discrete[2] { "s0" "s1" }
}

variable "a6" { 
      type discrete[2] { "s0" "s1" }
}

variable "v828" { 
      type discrete[5] { "s0" "s1" "s2" "s3" "s4" }
}

variable "a2" { 
      type discrete[3] { "s0" "s1" "s2" }
}

variable "a5" { 
      type discrete[4] { "s0" "s1" "s2" "s3" }
}

variable "a4" { 
      type discrete[3] { "s0" "s1" "s2" }
}

probability( "class" ) {
      table  0.4612 0.5388;
}

probability( "a1" | "class" ) {
        ("s0") 0.3491 0.3405 0.3103;
        ("s1") 0.3506 0.3247 0.3247;
}

probability( "a3" | "class" ) {
        ("s0") 0.4957 0.5043;
        ("s1") 0.5018 0.4982;
}

probability( "a6" | "class" ) {
        ("s0") 0.5043 0.4957;
        ("s1") 0.4760 0.5240;
}

probability( "v828" | "class" ) {
        ("s0") 0.0000 0.0000 0.5628 0.4266 0.0106;
        ("s1") 0.7439 0.0662 0.0000 0.0000 0.1899;
}

probability( "a2" | "v828" ) {
        ("s0") 0.6344 0.3656 0.0000;
        ("s1") 0.0000 0.1642 0.8358;
        ("s2") 0.0000 0.0000 1.0000;
        ("s3") 0.4446 0.3793 0.1761;
        ("s4") 0.0021 0.9979 0.0000;
}

probability( "a5" | "v828" ) {
        ("s0") 0.3714 0.3122 0.3164 0.0000;
        ("s1") 0.0000 0.0000 0.9443 0.0557;
        ("s2") 0.2987 0.3063 0.2108 0.1842;
        ("s3") 0.0000 0.0000 0.0304 0.9696;
        ("s4") 0.2804 0.3720 0.3476 0.0000;
}

probability( "a4" | "v828" ) {
        ("s0") 0.3637 0.2997 0.3366;
        ("s1") 1.0000 0.0000 0.0000;
        ("s2") 0.2549 0.3736 0.3715;
        ("s3") 0.3307 0.3512 0.3182;
        ("s4") 0.1620 0.4089 0.4291;
}

//Loglikelihood:  0.0
//Score        :  1.0
//LoglikelihoodOfPreviousModel:  -2697.8116472023044
