// HNB model in the BIF format
// Produced by the HNB package

network "HLCM83231" {}

variable "v0" { 
      type discrete[3] { "s0" "s1" "s2" }
}

variable "v4" { 
      type discrete[3] { "s0" "s1" "s2" }
}

variable "v6" { 
      type discrete[3] { "s0" "s1" "s2" }
}

variable "v7" { 
      type discrete[3] { "s0" "s1" "s2" }
}

variable "v2" { 
      type discrete[3] { "s0" "s1" "s2" }
}

variable "v221" { 
      type discrete[3] { "s0" "s1" "s2" }
}

variable "v232" { 
      type discrete[3] { "s0" "s1" "s2" }
}

variable "v8" { 
      type discrete[3] { "s0" "s1" "s2" }
}

variable "v9" { 
      type discrete[3] { "s0" "s1" "s2" }
}

probability( "v0" ) {
      table  0.2780 0.3280 0.3940;
}

probability( "v4" | "v0" ) {
        ("s0") 0.0863 0.9065 0.0072;
        ("s1") 0.1494 0.8384 0.0122;
        ("s2") 0.1650 0.1091 0.7259;
}

probability( "v6" | "v0" ) {
        ("s0") 0.2230 0.7194 0.0576;
        ("s1") 0.2622 0.7012 0.0366;
        ("s2") 0.2335 0.7437 0.0228;
}

probability( "v7" | "v0" ) {
        ("s0") 0.7482 0.0252 0.2266;
        ("s1") 0.6555 0.0183 0.3262;
        ("s2") 0.7183 0.0279 0.2538;
}

probability( "v2" | "v0" ) {
        ("s0") 0.0576 0.1115 0.8309;
        ("s1") 0.8689 0.1006 0.0305;
        ("s2") 0.0000 0.8807 0.1193;
}

probability( "v221" | "v0" ) {
        ("s0") 0.0027 0.0080 0.9894;
        ("s1") 0.8413 0.0041 0.1546;
        ("s2") 0.0474 0.9517 0.0010;
}

probability( "v232" | "v221" ) {
        ("s0") 0.9758 0.0227 0.0015;
        ("s1") 0.0832 0.0058 0.9110;
        ("s2") 0.0820 0.9170 0.0011;
}

probability( "v8" | "v232" ) {
        ("s0") 0.8267 0.0476 0.1257;
        ("s1") 0.0646 0.0000 0.9354;
        ("s2") 0.0165 0.9563 0.0272;
}

probability( "v9" | "v232" ) {
        ("s0") 0.0471 0.0576 0.8952;
        ("s1") 0.1405 0.8541 0.0054;
        ("s2") 0.1458 0.8073 0.0468;
}

//Loglikelihood:  -4646.695890038483
//Score        :  -4819.389772013037
//LoglikelihoodOfPreviousModel:  -1645.1427033170628
