// HNB model in the BIF format
// Produced by the HNB package

network "HLCM197256" {}

variable "v0" { 
      type discrete[3] { "s0" "s1" "s2" }
}

variable "v221" { 
      type discrete[3] { "s0" "s1" "s2" }
}

variable "v8" { 
      type discrete[3] { "s0" "s1" "s2" }
}

variable "v9" { 
      type discrete[3] { "s0" "s1" "s2" }
}

variable "v242" { 
      type discrete[3] { "s0" "s1" "s2" }
}

variable "v2" { 
      type discrete[3] { "s0" "s1" "s2" }
}

variable "v235" { 
      type discrete[3] { "s0" "s1" "s2" }
}

variable "v4" { 
      type discrete[3] { "s0" "s1" "s2" }
}

variable "v226" { 
      type discrete[2] { "s0" "s1" }
}

variable "v6" { 
      type discrete[3] { "s0" "s1" "s2" }
}

variable "v7" { 
      type discrete[3] { "s0" "s1" "s2" }
}

probability( "v0" ) {
      table  0.2780 0.3280 0.3940;
}

probability( "v221" | "v0" ) {
        ("s0") 0.9072 0.0084 0.0844;
        ("s1") 0.1609 0.0052 0.8339;
        ("s2") 0.0012 0.8738 0.1250;
}

probability( "v8" | "v221" ) {
        ("s0") 0.0646 0.0000 0.9354;
        ("s1") 0.0169 0.9490 0.0341;
        ("s2") 0.8272 0.0475 0.1253;
}

probability( "v9" | "v221" ) {
        ("s0") 0.1405 0.8541 0.0054;
        ("s1") 0.1458 0.8072 0.0470;
        ("s2") 0.0471 0.0576 0.8953;
}

probability( "v242" | "v0" ) {
        ("s0") 0.9415 0.0544 0.0042;
        ("s1") 0.0000 1.0000 0.0000;
        ("s2") 0.0166 0.0000 0.9834;
}

probability( "v2" | "v242" ) {
        ("s0") 0.0104 0.1090 0.8806;
        ("s1") 0.8692 0.1003 0.0305;
        ("s2") 0.0000 0.8938 0.1062;
}

probability( "v235" | "v242" ) {
        ("s0") 0.9607 0.0343 0.0050;
        ("s1") 0.8884 0.0984 0.0132;
        ("s2") 0.0038 0.0470 0.9492;
}

probability( "v4" | "v235" ) {
        ("s0") 0.0544 0.9456 0.0000;
        ("s1") 0.9854 0.0031 0.0115;
        ("s2") 0.1254 0.0973 0.7773;
}

probability( "v226" | "v235" ) {
        ("s0") 0.8976 0.1024;
        ("s1") 0.0827 0.9173;
        ("s2") 0.8982 0.1018;
}

probability( "v6" | "v226" ) {
        ("s0") 0.1365 0.8246 0.0389;
        ("s1") 0.8174 0.1563 0.0263;
}

probability( "v7" | "v226" ) {
        ("s0") 0.8151 0.0229 0.1620;
        ("s1") 0.0973 0.0301 0.8726;
}

//Loglikelihood:  -4567.819088137704
//Score        :  -4757.782358309712
//LoglikelihoodOfPreviousModel:  -2258.6993757619985
