// HNB model in the BIF format
// Produced by the HNB package

network "HLCM69422" {}

variable "v0" { 
      type discrete[3] { "s0" "s1" "s2" }
}

variable "v4" { 
      type discrete[3] { "s0" "s1" "s2" }
}

variable "v7" { 
      type discrete[3] { "s0" "s1" "s2" }
}

variable "v2" { 
      type discrete[3] { "s0" "s1" "s2" }
}

variable "v228" { 
      type discrete[3] { "s0" "s1" "s2" }
}

variable "v6" { 
      type discrete[3] { "s0" "s1" "s2" }
}

variable "v221" { 
      type discrete[3] { "s0" "s1" "s2" }
}

variable "v8" { 
      type discrete[3] { "s0" "s1" "s2" }
}

variable "v9" { 
      type discrete[3] { "s0" "s1" "s2" }
}

probability( "v0" ) {
      table  0.2780 0.3280 0.3940;
}

probability( "v4" | "v0" ) {
        ("s0") 0.0863 0.9065 0.0072;
        ("s1") 0.1494 0.8384 0.0122;
        ("s2") 0.1650 0.1091 0.7259;
}

probability( "v7" | "v0" ) {
        ("s0") 0.7482 0.0252 0.2266;
        ("s1") 0.6555 0.0183 0.3262;
        ("s2") 0.7183 0.0279 0.2538;
}

probability( "v2" | "v0" ) {
        ("s0") 0.0576 0.1115 0.8309;
        ("s1") 0.8689 0.1006 0.0305;
        ("s2") 0.0000 0.8807 0.1193;
}

probability( "v228" | "v0" ) {
        ("s0") 0.0084 0.9881 0.0036;
        ("s1") 0.0025 0.1655 0.8321;
        ("s2") 0.8803 0.0002 0.1196;
}

probability( "v6" | "v228" ) {
        ("s0") 0.2281 0.7553 0.0166;
        ("s1") 0.2291 0.7211 0.0498;
        ("s2") 0.2642 0.6897 0.0461;
}

probability( "v221" | "v228" ) {
        ("s0") 0.0100 0.0133 0.9766;
        ("s1") 0.0818 0.9182 0.0001;
        ("s2") 0.9862 0.0104 0.0033;
}

probability( "v8" | "v221" ) {
        ("s0") 0.8262 0.0479 0.1259;
        ("s1") 0.0643 0.0000 0.9357;
        ("s2") 0.0156 0.9635 0.0209;
}

probability( "v9" | "v221" ) {
        ("s0") 0.0469 0.0584 0.8947;
        ("s1") 0.1408 0.8537 0.0054;
        ("s2") 0.1460 0.8079 0.0461;
}

//Loglikelihood:  -4645.8097794081505
//Score        :  -4818.503661382704
//LoglikelihoodOfPreviousModel:  -1645.1427033170628
