// HNB model in the BIF format
// Produced by the HNB package

network "HLCM100052" {}

variable "v0" { 
      type discrete[3] { "s0" "s1" "s2" }
}

variable "v4" { 
      type discrete[3] { "s0" "s1" "s2" }
}

variable "v2" { 
      type discrete[3] { "s0" "s1" "s2" }
}

variable "v226" { 
      type discrete[3] { "s0" "s1" "s2" }
}

variable "v6" { 
      type discrete[3] { "s0" "s1" "s2" }
}

variable "v7" { 
      type discrete[3] { "s0" "s1" "s2" }
}

variable "v221" { 
      type discrete[3] { "s0" "s1" "s2" }
}

variable "v8" { 
      type discrete[3] { "s0" "s1" "s2" }
}

variable "v9" { 
      type discrete[3] { "s0" "s1" "s2" }
}

probability( "v0" ) {
      table  0.2780 0.3280 0.3940;
}

probability( "v4" | "v0" ) {
        ("s0") 0.0863 0.9065 0.0072;
        ("s1") 0.1494 0.8384 0.0122;
        ("s2") 0.1650 0.1091 0.7259;
}

probability( "v2" | "v0" ) {
        ("s0") 0.0576 0.1115 0.8309;
        ("s1") 0.8689 0.1006 0.0305;
        ("s2") 0.0000 0.8807 0.1193;
}

probability( "v226" | "v0" ) {
        ("s0") 0.0084 0.9807 0.0109;
        ("s1") 0.0060 0.0977 0.8963;
        ("s2") 0.8730 0.0214 0.1056;
}

probability( "v6" | "v226" ) {
        ("s0") 0.2295 0.7529 0.0176;
        ("s1") 0.2198 0.7286 0.0517;
        ("s2") 0.2695 0.6871 0.0434;
}

probability( "v7" | "v226" ) {
        ("s0") 0.7261 0.0194 0.2544;
        ("s1") 0.7575 0.0245 0.2180;
        ("s2") 0.6377 0.0283 0.3340;
}

probability( "v221" | "v226" ) {
        ("s0") 0.0003 0.0319 0.9678;
        ("s1") 0.9233 0.0767 0.0000;
        ("s2") 0.0774 0.9226 0.0000;
}

probability( "v8" | "v221" ) {
        ("s0") 0.0640 0.0000 0.9360;
        ("s1") 0.8257 0.0469 0.1274;
        ("s2") 0.0144 0.9811 0.0045;
}

probability( "v9" | "v221" ) {
        ("s0") 0.1417 0.8538 0.0045;
        ("s1") 0.0461 0.0588 0.8950;
        ("s2") 0.1462 0.8078 0.0460;
}

//Loglikelihood:  -4645.392735957486
//Score        :  -4818.08661793204
//LoglikelihoodOfPreviousModel:  -1645.1427033170628
