// HNB model in the BIF format
// Produced by the HNB package

network "HLCM151185" {}

variable "class" { 
      type discrete[2] { "s0" "s1" }
}

variable "a1" { 
      type discrete[3] { "s0" "s1" "s2" }
}

variable "a3" { 
      type discrete[2] { "s0" "s1" }
}

variable "a6" { 
      type discrete[2] { "s0" "s1" }
}

variable "v77" { 
      type discrete[5] { "s0" "s1" "s2" "s3" "s4" }
}

variable "a2" { 
      type discrete[3] { "s0" "s1" "s2" }
}

variable "a5" { 
      type discrete[4] { "s0" "s1" "s2" "s3" }
}

variable "a4" { 
      type discrete[3] { "s0" "s1" "s2" }
}

probability( "class" ) {
      table  0.4870 0.5130;
}

probability( "a1" | "class" ) {
        ("s0") 0.3416 0.3416 0.3169;
        ("s1") 0.3477 0.3086 0.3438;
}

probability( "a3" | "class" ) {
        ("s0") 0.5226 0.4774;
        ("s1") 0.5117 0.4883;
}

probability( "a6" | "class" ) {
        ("s0") 0.5226 0.4774;
        ("s1") 0.4805 0.5195;
}

probability( "v77" | "class" ) {
        ("s0") 0.0000 0.3015 0.3672 0.3313 0.0000;
        ("s1") 0.0552 0.0000 0.0000 0.0000 0.9448;
}

probability( "a2" | "v77" ) {
        ("s0") 0.0000 0.0099 0.9901;
        ("s1") 0.0000 0.0558 0.9442;
        ("s2") 0.4930 0.4696 0.0373;
        ("s3") 0.0000 0.0000 1.0000;
        ("s4") 0.4838 0.5162 0.0000;
}

probability( "a5" | "v77" ) {
        ("s0") 0.0000 0.0000 0.9293 0.0707;
        ("s1") 0.1323 0.2173 0.4540 0.1964;
        ("s2") 0.0000 0.0000 0.0195 0.9805;
        ("s3") 0.3517 0.3240 0.0000 0.3243;
        ("s4") 0.3390 0.3390 0.3219 0.0000;
}

probability( "a4" | "v77" ) {
        ("s0") 1.0000 0.0000 0.0000;
        ("s1") 0.0000 0.5530 0.4470;
        ("s2") 0.3609 0.3006 0.3385;
        ("s3") 0.5192 0.1698 0.3110;
        ("s4") 0.3219 0.3308 0.3473;
}

//Loglikelihood:  0.0
//Score        :  1.0
//LoglikelihoodOfPreviousModel:  -8040.683038301114
