// HNB model in the BIF format
// Produced by the HNB package

network "HLCM5572278" {}

variable "class" { 
      type discrete[2] { "s0" "s1" }
}

variable "v892" { 
      type discrete[9] { "s0" "s1" "s2" "s3" "s4" "s5" "s6" "s7" "s8" }
}

variable "a1" { 
      type discrete[3] { "s0" "s1" "s2" }
}

variable "a2" { 
      type discrete[3] { "s0" "s1" "s2" }
}

variable "a5" { 
      type discrete[4] { "s0" "s1" "s2" "s3" }
}

variable "a4" { 
      type discrete[3] { "s0" "s1" "s2" }
}

variable "a6" { 
      type discrete[2] { "s0" "s1" }
}

variable "a3" { 
      type discrete[2] { "s0" "s1" }
}

probability( "class" ) {
      table  0.5051 0.4949;
}

probability( "v892" | "class" ) {
        ("s0") 0.3427 0.0000 0.3493 0.2630 0.0000 0.0450 0.0000 0.0000 0.0000;
        ("s1") 0.0000 0.1687 0.0000 0.0000 0.0812 0.0000 0.4778 0.1900 0.0823;
}

probability( "a1" | "v892" ) {
        ("s0") 0.0000 1.0000 0.0000;
        ("s1") 0.0000 0.0000 1.0000;
        ("s2") 1.0000 0.0000 0.0000;
        ("s3") 0.0000 0.0000 1.0000;
        ("s4") 1.0000 0.0000 0.0000;
        ("s5") 0.5719 0.0000 0.4281;
        ("s6") 0.3124 0.3172 0.3703;
        ("s7") 0.0000 1.0000 0.0000;
        ("s8") 1.0000 0.0000 0.0000;
}

probability( "a2" | "v892" ) {
        ("s0") 0.5529 0.0000 0.4471;
        ("s1") 0.0000 0.0000 1.0000;
        ("s2") 0.0000 0.4459 0.5541;
        ("s3") 0.5213 0.4787 0.0000;
        ("s4") 1.0000 0.0000 0.0000;
        ("s5") 0.0000 1.0000 0.0000;
        ("s6") 0.2952 0.3431 0.3617;
        ("s7") 0.0000 1.0000 0.0000;
        ("s8") 1.0000 0.0000 0.0000;
}

probability( "a5" | "v892" ) {
        ("s0") 0.0000 0.3176 0.3765 0.3059;
        ("s1") 0.0001 0.3414 0.2927 0.3658;
        ("s2") 0.0000 0.3579 0.3104 0.3317;
        ("s3") 0.0000 0.3833 0.3463 0.2704;
        ("s4") 0.0017 0.3354 0.5048 0.1581;
        ("s5") 0.0000 0.0000 0.3160 0.6840;
        ("s6") 1.0000 0.0000 0.0000 0.0000;
        ("s7") 0.0035 0.3466 0.3249 0.3249;
        ("s8") 0.0344 0.2692 0.3022 0.3942;
}

probability( "a4" | "v892" ) {
        ("s0") 0.3529 0.3412 0.3059;
        ("s1") 0.3171 0.3415 0.3415;
        ("s2") 0.2968 0.3106 0.3926;
        ("s3") 0.3392 0.2880 0.3727;
        ("s4") 0.3701 0.1595 0.4704;
        ("s5") 0.1944 0.6549 0.1508;
        ("s6") 0.3155 0.3327 0.3518;
        ("s7") 0.3692 0.2826 0.3482;
        ("s8") 0.4011 0.5091 0.0898;
}

probability( "a6" | "v892" ) {
        ("s0") 0.4941 0.5059;
        ("s1") 0.4146 0.5854;
        ("s2") 0.5173 0.4827;
        ("s3") 0.4715 0.5285;
        ("s4") 0.3791 0.6209;
        ("s5") 0.2184 0.7816;
        ("s6") 0.4952 0.5048;
        ("s7") 0.4567 0.5433;
        ("s8") 0.5970 0.4030;
}

probability( "a3" | "v892" ) {
        ("s0") 0.5176 0.4824;
        ("s1") 0.5122 0.4878;
        ("s2") 0.4940 0.5060;
        ("s3") 0.4531 0.5469;
        ("s4") 0.6945 0.3055;
        ("s5") 0.6864 0.3136;
        ("s6") 0.5404 0.4596;
        ("s7") 0.5217 0.4783;
        ("s8") 0.2738 0.7262;
}

//Loglikelihood:  0.0
//Score        :  1.0
//LoglikelihoodOfPreviousModel:  -240454.849339471
