// HNB model in the BIF format
// Produced by the HNB package

network "HLCM6679000" {}

variable "class" { 
      type discrete[2] { "s0" "s1" }
}

variable "v1157" { 
      type discrete[14] { "s0" "s1" "s2" "s3" "s4" "s5" "s6" "s7" "s8" "s9" "s10" "s11" "s12" "s13" }
}

variable "a1" { 
      type discrete[3] { "s0" "s1" "s2" }
}

variable "a2" { 
      type discrete[3] { "s0" "s1" "s2" }
}

variable "a5" { 
      type discrete[4] { "s0" "s1" "s2" "s3" }
}

variable "a6" { 
      type discrete[2] { "s0" "s1" }
}

variable "a4" { 
      type discrete[3] { "s0" "s1" "s2" }
}

variable "a3" { 
      type discrete[2] { "s0" "s1" }
}

probability( "class" ) {
      table  0.5010 0.4990;
}

probability( "v1157" | "class" ) {
        ("s0") 0.0000 0.2567 0.0000 0.0321 0.0000 0.1138 0.1195 0.0250 0.0000 0.0000 0.0000 0.0000 0.0864 0.3665;
        ("s1") 0.2140 0.0000 0.1484 0.0000 0.0992 0.0000 0.0000 0.0000 0.0891 0.0272 0.1760 0.2461 0.0000 0.0000;
}

probability( "a1" | "v1157" ) {
        ("s0") 0.1977 0.3931 0.4093;
        ("s1") 0.0000 0.0000 1.0000;
        ("s2") 0.0000 1.0000 0.0000;
        ("s3") 0.0000 1.0000 0.0000;
        ("s4") 1.0000 0.0000 0.0000;
        ("s5") 0.0000 1.0000 0.0000;
        ("s6") 0.0000 0.5812 0.4188;
        ("s7") 0.0000 0.9996 0.0004;
        ("s8") 1.0000 0.0000 0.0000;
        ("s9") 0.0000 1.0000 0.0000;
        ("s10") 0.0000 0.0000 1.0000;
        ("s11") 0.3470 0.3425 0.3105;
        ("s12") 0.0000 1.0000 0.0000;
        ("s13") 1.0000 0.0000 0.0000;
}

probability( "a2" | "v1157" ) {
        ("s0") 0.5653 0.2159 0.2188;
        ("s1") 0.4568 0.5432 0.0000;
        ("s2") 0.0000 1.0000 0.0000;
        ("s3") 0.7819 0.0000 0.2181;
        ("s4") 1.0000 0.0000 0.0000;
        ("s5") 0.0020 0.0000 0.9980;
        ("s6") 1.0000 0.0000 0.0000;
        ("s7") 1.0000 0.0000 0.0000;
        ("s8") 1.0000 0.0000 0.0000;
        ("s9") 0.0000 1.0000 0.0000;
        ("s10") 0.0000 0.0000 1.0000;
        ("s11") 0.0111 0.4966 0.4924;
        ("s12") 0.6892 0.0000 0.3108;
        ("s13") 0.0000 0.4565 0.5435;
}

probability( "a5" | "v1157" ) {
        ("s0") 1.0000 0.0000 0.0000 0.0000;
        ("s1") 0.0000 0.2903 0.3062 0.4035;
        ("s2") 0.0000 0.3268 0.3728 0.3004;
        ("s3") 0.0000 0.2852 0.1120 0.6028;
        ("s4") 0.2045 0.2648 0.2629 0.2678;
        ("s5") 0.0000 0.3328 0.4558 0.2114;
        ("s6") 0.0000 0.6389 0.3611 0.0000;
        ("s7") 0.0000 0.0145 0.0006 0.9848;
        ("s8") 0.0000 0.3338 0.3808 0.2855;
        ("s9") 0.1316 0.2761 0.3191 0.2732;
        ("s10") 0.0000 0.2955 0.3182 0.3864;
        ("s11") 1.0000 0.0000 0.0000 0.0000;
        ("s12") 0.0000 0.1490 0.4388 0.4122;
        ("s13") 0.0000 0.3370 0.3152 0.3478;
}

probability( "a6" | "v1157" ) {
        ("s0") 0.5409 0.4591;
        ("s1") 0.4550 0.5450;
        ("s2") 0.5660 0.4340;
        ("s3") 0.4892 0.5108;
        ("s4") 0.5455 0.4545;
        ("s5") 0.4357 0.5643;
        ("s6") 0.2873 0.7127;
        ("s7") 0.0000 1.0000;
        ("s8") 0.4775 0.5225;
        ("s9") 0.0000 1.0000;
        ("s10") 0.4318 0.5682;
        ("s11") 0.5347 0.4653;
        ("s12") 0.9996 0.0004;
        ("s13") 0.4783 0.5217;
}

probability( "a4" | "v1157" ) {
        ("s0") 0.3135 0.4443 0.2421;
        ("s1") 0.3376 0.3053 0.3571;
        ("s2") 0.4501 0.3117 0.2382;
        ("s3") 0.3839 0.0136 0.6025;
        ("s4") 0.3223 0.3617 0.3160;
        ("s5") 0.2914 0.2684 0.4401;
        ("s6") 0.2747 0.4030 0.3223;
        ("s7") 0.3572 0.6428 0.0000;
        ("s8") 0.3342 0.2867 0.3791;
        ("s9") 0.0489 0.2328 0.7183;
        ("s10") 0.3636 0.2955 0.3409;
        ("s11") 0.3861 0.2556 0.3583;
        ("s12") 0.2930 0.4812 0.2258;
        ("s13") 0.2935 0.3478 0.3587;
}

probability( "a3" | "v1157" ) {
        ("s0") 0.6836 0.3164;
        ("s1") 0.4809 0.5191;
        ("s2") 0.4879 0.5121;
        ("s3") 0.0656 0.9344;
        ("s4") 0.0010 0.9990;
        ("s5") 0.4940 0.5060;
        ("s6") 0.5119 0.4881;
        ("s7") 0.4788 0.5212;
        ("s8") 0.9421 0.0579;
        ("s9") 1.0000 0.0000;
        ("s10") 0.5000 0.5000;
        ("s11") 0.4636 0.5364;
        ("s12") 0.5543 0.4457;
        ("s13") 0.4891 0.5109;
}

//Loglikelihood:  0.0
//Score        :  1.0
//LoglikelihoodOfPreviousModel:  -244863.34446471327
