// HNB model in the BIF format
// Produced by the HNB package

network "HLCM2871024" {}

variable "class" { 
      type discrete[2] { "s0" "s1" }
}

variable "a3" { 
      type discrete[2] { "s0" "s1" }
}

variable "v476" { 
      type discrete[9] { "s0" "s1" "s2" "s3" "s4" "s5" "s6" "s7" "s8" }
}

variable "a1" { 
      type discrete[3] { "s0" "s1" "s2" }
}

variable "a2" { 
      type discrete[3] { "s0" "s1" "s2" }
}

variable "a5" { 
      type discrete[4] { "s0" "s1" "s2" "s3" }
}

variable "a4" { 
      type discrete[3] { "s0" "s1" "s2" }
}

variable "a6" { 
      type discrete[2] { "s0" "s1" }
}

probability( "class" ) {
      table  0.5010 0.4990;
}

probability( "a3" | "class" ) {
        ("s0") 0.4981 0.5019;
        ("s1") 0.5076 0.4924;
}

probability( "v476" | "class" ) {
        ("s0") 0.3384 0.3308 0.0000 0.0000 0.3308 0.0000 0.0000 0.0000 0.0000;
        ("s1") 0.0000 0.0000 0.1641 0.1724 0.0000 0.2598 0.1148 0.0722 0.2166;
}

probability( "a1" | "v476" ) {
        ("s0") 0.5506 0.4494 0.0000;
        ("s1") 0.0000 0.5517 0.4483;
        ("s2") 1.0000 0.0000 0.0000;
        ("s3") 0.0000 1.0000 0.0000;
        ("s4") 0.5402 0.0000 0.4598;
        ("s5") 0.2294 0.2759 0.4947;
        ("s6") 0.0000 0.0000 1.0000;
        ("s7") 0.0000 0.0000 1.0000;
        ("s8") 0.3944 0.4412 0.1644;
}

probability( "a2" | "v476" ) {
        ("s0") 0.0000 0.0000 1.0000;
        ("s1") 1.0000 0.0000 0.0000;
        ("s2") 1.0000 0.0000 0.0000;
        ("s3") 0.0000 1.0000 0.0000;
        ("s4") 0.0000 1.0000 0.0000;
        ("s5") 0.3317 0.3701 0.2983;
        ("s6") 0.0000 0.0000 1.0000;
        ("s7") 0.0000 0.0000 1.0000;
        ("s8") 0.3247 0.2755 0.3999;
}

probability( "a5" | "v476" ) {
        ("s0") 0.0000 0.3258 0.3258 0.3483;
        ("s1") 0.0000 0.3218 0.3333 0.3448;
        ("s2") 0.0000 0.3488 0.3721 0.2791;
        ("s3") 0.0261 0.3541 0.3099 0.3099;
        ("s4") 0.0000 0.3218 0.3218 0.3563;
        ("s5") 1.0000 0.0000 0.0000 0.0000;
        ("s6") 0.0000 0.2418 0.3624 0.3958;
        ("s7") 0.1589 0.3554 0.2166 0.2691;
        ("s8") 1.0000 0.0000 0.0000 0.0000;
}

probability( "a4" | "v476" ) {
        ("s0") 0.2809 0.3483 0.3708;
        ("s1") 0.3333 0.3678 0.2989;
        ("s2") 0.3488 0.3256 0.3256;
        ("s3") 0.4090 0.2937 0.2974;
        ("s4") 0.3333 0.3448 0.3218;
        ("s5") 0.5616 0.2747 0.1638;
        ("s6") 0.4728 0.4134 0.1138;
        ("s7") 0.0482 0.0350 0.9168;
        ("s8") 0.0911 0.4218 0.4871;
}

probability( "a6" | "v476" ) {
        ("s0") 0.4944 0.5056;
        ("s1") 0.4828 0.5172;
        ("s2") 0.5349 0.4651;
        ("s3") 0.4777 0.5223;
        ("s4") 0.4943 0.5057;
        ("s5") 0.6114 0.3886;
        ("s6") 0.4328 0.5672;
        ("s7") 0.3580 0.6420;
        ("s8") 0.4408 0.5592;
}

//Loglikelihood:  0.0
//Score        :  1.0
//LoglikelihoodOfPreviousModel:  -58949.46319241985
