// HNB model in the BIF format
// Produced by the HNB package

network "HLCM6029052" {}

variable "class" { 
      type discrete[2] { "s0" "s1" }
}

variable "a3" { 
      type discrete[2] { "s0" "s1" }
}

variable "v1032" { 
      type discrete[11] { "s0" "s1" "s2" "s3" "s4" "s5" "s6" "s7" "s8" "s9" "s10" }
}

variable "a1" { 
      type discrete[3] { "s0" "s1" "s2" }
}

variable "a2" { 
      type discrete[3] { "s0" "s1" "s2" }
}

variable "a5" { 
      type discrete[4] { "s0" "s1" "s2" "s3" }
}

variable "a6" { 
      type discrete[2] { "s0" "s1" }
}

variable "a4" { 
      type discrete[3] { "s0" "s1" "s2" }
}

probability( "class" ) {
      table  0.4941 0.5059;
}

probability( "a3" | "class" ) {
        ("s0") 0.4861 0.5139;
        ("s1") 0.5331 0.4669;
}

probability( "v1032" | "class" ) {
        ("s0") 0.1408 0.0000 0.0000 0.0000 0.2996 0.0000 0.0000 0.1631 0.0955 0.0000 0.3011;
        ("s1") 0.0000 0.1873 0.1372 0.2984 0.0000 0.0333 0.1727 0.0000 0.0000 0.1712 0.0000;
}

probability( "a1" | "v1032" ) {
        ("s0") 0.0000 0.8339 0.1661;
        ("s1") 0.1939 0.2366 0.5695;
        ("s2") 1.0000 0.0000 0.0000;
        ("s3") 0.3763 0.4253 0.1984;
        ("s4") 0.5985 0.0000 0.4015;
        ("s5") 1.0000 0.0000 0.0000;
        ("s6") 0.0000 0.0000 1.0000;
        ("s7") 0.0000 0.0000 1.0000;
        ("s8") 0.0000 1.0000 0.0000;
        ("s9") 0.0000 1.0000 0.0000;
        ("s10") 0.6220 0.3780 0.0000;
}

probability( "a2" | "v1032" ) {
        ("s0") 1.0000 0.0000 0.0000;
        ("s1") 0.3786 0.4432 0.1782;
        ("s2") 1.0000 0.0000 0.0000;
        ("s3") 0.2733 0.2826 0.4441;
        ("s4") 0.0000 1.0000 0.0000;
        ("s5") 1.0000 0.0000 0.0000;
        ("s6") 0.0000 0.0000 1.0000;
        ("s7") 0.8092 0.1908 0.0000;
        ("s8") 0.6897 0.0000 0.3103;
        ("s9") 0.0000 1.0000 0.0000;
        ("s10") 0.0000 0.0000 1.0000;
}

probability( "a5" | "v1032" ) {
        ("s0") 0.0000 0.4193 0.0049 0.5757;
        ("s1") 1.0000 0.0000 0.0000 0.0000;
        ("s2") 0.0515 0.3344 0.3536 0.2605;
        ("s3") 1.0000 0.0000 0.0000 0.0000;
        ("s4") 0.0000 0.2911 0.3656 0.3433;
        ("s5") 0.0000 0.2582 0.2959 0.4460;
        ("s6") 0.0761 0.3155 0.2704 0.3380;
        ("s7") 0.0000 0.4059 0.3293 0.2648;
        ("s8") 0.0000 0.1030 0.8970 0.0000;
        ("s9") 0.0000 0.3409 0.3182 0.3409;
        ("s10") 0.0000 0.3468 0.2562 0.3970;
}

probability( "a6" | "v1032" ) {
        ("s0") 0.4485 0.5515;
        ("s1") 0.6274 0.3726;
        ("s2") 0.4769 0.5231;
        ("s3") 0.4496 0.5504;
        ("s4") 0.4979 0.5021;
        ("s5") 0.6970 0.3030;
        ("s6") 0.4406 0.5594;
        ("s7") 0.4370 0.5630;
        ("s8") 0.5674 0.4326;
        ("s9") 0.5000 0.5000;
        ("s10") 0.5190 0.4810;
}

probability( "a4" | "v1032" ) {
        ("s0") 0.3093 0.3183 0.3723;
        ("s1") 0.5416 0.2511 0.2073;
        ("s2") 0.4389 0.1477 0.4134;
        ("s3") 0.2243 0.4034 0.3723;
        ("s4") 0.2992 0.3340 0.3668;
        ("s5") 0.0277 0.9404 0.0319;
        ("s6") 0.3610 0.2644 0.3746;
        ("s7") 0.3123 0.3949 0.2928;
        ("s8") 0.4681 0.3359 0.1960;
        ("s9") 0.3864 0.2727 0.3409;
        ("s10") 0.2590 0.3761 0.3650;
}

//Loglikelihood:  0.0
//Score        :  1.0
//LoglikelihoodOfPreviousModel:  -56986.88675397403
