// HNB model in the BIF format
// Produced by the HNB package

network "HLCM1501718" {}

variable "class" { 
      type discrete[2] { "s0" "s1" }
}

variable "a3" { 
      type discrete[2] { "s0" "s1" }
}

variable "v70" { 
      type discrete[9] { "s0" "s1" "s2" "s3" "s4" "s5" "s6" "s7" "s8" }
}

variable "a1" { 
      type discrete[3] { "s0" "s1" "s2" }
}

variable "a2" { 
      type discrete[3] { "s0" "s1" "s2" }
}

variable "a5" { 
      type discrete[4] { "s0" "s1" "s2" "s3" }
}

variable "a4" { 
      type discrete[3] { "s0" "s1" "s2" }
}

variable "v107" { 
      type discrete[2] { "s0" "s1" }
}

variable "a6" { 
      type discrete[2] { "s0" "s1" }
}

probability( "class" ) {
      table  0.4930 0.5070;
}

probability( "a3" | "class" ) {
        ("s0") 0.5061 0.4939;
        ("s1") 0.5197 0.4803;
}

probability( "v70" | "class" ) {
        ("s0") 0.0000 0.0000 0.0000 0.2940 0.1534 0.0000 0.3401 0.0289 0.1836;
        ("s1") 0.1535 0.1772 0.5039 0.0000 0.0000 0.1654 0.0000 0.0000 0.0000;
}

probability( "a1" | "v70" ) {
        ("s0") 1.0000 0.0000 0.0000;
        ("s1") 0.0000 0.0000 1.0000;
        ("s2") 0.3125 0.3437 0.3438;
        ("s3") 0.5110 0.0000 0.4890;
        ("s4") 1.0000 0.0000 0.0000;
        ("s5") 0.0000 1.0000 0.0000;
        ("s6") 0.0000 0.5595 0.4405;
        ("s7") 0.9310 0.0000 0.0690;
        ("s8") 0.1843 0.8157 0.0000;
}

probability( "a2" | "v70" ) {
        ("s0") 1.0000 0.0000 0.0000;
        ("s1") 0.0000 0.0000 1.0000;
        ("s2") 0.3203 0.3359 0.3438;
        ("s3") 0.0000 1.0000 0.0000;
        ("s4") 0.0000 0.0856 0.9144;
        ("s5") 0.0000 1.0000 0.0000;
        ("s6") 1.0000 0.0000 0.0000;
        ("s7") 0.0000 0.9998 0.0002;
        ("s8") 0.0000 0.0000 1.0000;
}

probability( "a5" | "v70" ) {
        ("s0") 0.0000 0.3590 0.3846 0.2564;
        ("s1") 0.0000 0.3333 0.2667 0.4000;
        ("s2") 1.0000 0.0000 0.0000 0.0000;
        ("s3") 0.0000 0.3706 0.3333 0.2961;
        ("s4") 0.0000 0.3341 0.2624 0.4035;
        ("s5") 0.0000 0.3333 0.3095 0.3571;
        ("s6") 0.0000 0.3571 0.3214 0.3214;
        ("s7") 0.0000 0.0000 0.4084 0.5916;
        ("s8") 0.0000 0.2960 0.3515 0.3525;
}

probability( "a4" | "v70" ) {
        ("s0") 0.3846 0.2821 0.3333;
        ("s1") 0.3333 0.2889 0.3778;
        ("s2") 0.3594 0.3125 0.3281;
        ("s3") 0.3863 0.2483 0.3654;
        ("s4") 0.2892 0.3169 0.3940;
        ("s5") 0.3571 0.2857 0.3571;
        ("s6") 0.3095 0.3690 0.3214;
        ("s7") 0.0003 0.9810 0.0187;
        ("s8") 0.2423 0.3518 0.4058;
}

probability( "v107" | "v70" ) {
        ("s0") 0.4865 0.5135;
        ("s1") 0.9572 0.0428;
        ("s2") 0.3090 0.6910;
        ("s3") 0.5619 0.4381;
        ("s4") 0.4992 0.5008;
        ("s5") 0.8131 0.1869;
        ("s6") 0.9768 0.0232;
        ("s7") 0.6521 0.3479;
        ("s8") 0.3780 0.6220;
}

probability( "a6" | "v107" ) {
        ("s0") 0.4447 0.5553;
        ("s1") 0.5400 0.4600;
}

//Loglikelihood:  0.0
//Score        :  1.0
//LoglikelihoodOfPreviousModel:  -56235.82551353754
