// HNB model in the BIF format
// Produced by the HNB package

network "HLCM2482953" {}

variable "class" { 
      type discrete[2] { "s0" "s1" }
}

variable "v341" { 
      type discrete[10] { "s0" "s1" "s2" "s3" "s4" "s5" "s6" "s7" "s8" "s9" }
}

variable "a6" { 
      type discrete[2] { "s0" "s1" }
}

variable "v391" { 
      type discrete[6] { "s0" "s1" "s2" "s3" "s4" "s5" }
}

variable "a3" { 
      type discrete[2] { "s0" "s1" }
}

variable "a1" { 
      type discrete[3] { "s0" "s1" "s2" }
}

variable "a4" { 
      type discrete[3] { "s0" "s1" "s2" }
}

variable "v409" { 
      type discrete[4] { "s0" "s1" "s2" "s3" }
}

variable "a2" { 
      type discrete[3] { "s0" "s1" "s2" }
}

variable "a5" { 
      type discrete[4] { "s0" "s1" "s2" "s3" }
}

probability( "class" ) {
      table  0.6658 0.3342;
}

probability( "v341" | "class" ) {
        ("s0") 0.0001 0.3023 0.2684 0.1493 0.0290 0.2509 0.0000 0.0000 0.0000 0.0000;
        ("s1") 0.0011 0.0000 0.0000 0.0000 0.0000 0.0000 0.1786 0.3516 0.1513 0.3174;
}

probability( "a6" | "v341" ) {
        ("s0") 0.0000 1.0000;
        ("s1") 0.8433 0.1567;
        ("s2") 0.0000 1.0000;
        ("s3") 0.0000 1.0000;
        ("s4") 0.0000 1.0000;
        ("s5") 1.0000 0.0000;
        ("s6") 0.0000 1.0000;
        ("s7") 1.0000 0.0000;
        ("s8") 0.9809 0.0191;
        ("s9") 0.0000 1.0000;
}

probability( "v391" | "v341" ) {
        ("s0") 0.0000 0.0000 0.0000 1.0000 0.0000 0.0000;
        ("s1") 0.4153 0.0000 0.0000 0.5097 0.0750 0.0000;
        ("s2") 0.3195 0.3006 0.1753 0.0000 0.0000 0.2046;
        ("s3") 0.2094 0.0000 0.0000 0.6945 0.0961 0.0000;
        ("s4") 0.8313 0.0000 0.0000 0.0042 0.1645 0.0000;
        ("s5") 0.0000 0.1147 0.1719 0.4892 0.0835 0.1406;
        ("s6") 0.0000 0.0000 0.0000 0.7375 0.2625 0.0000;
        ("s7") 0.0000 0.4889 0.2667 0.0000 0.0000 0.2444;
        ("s8") 1.0000 0.0000 0.0000 0.0000 0.0000 0.0000;
        ("s9") 0.0893 0.4676 0.2215 0.0000 0.0000 0.2215;
}

probability( "a3" | "v391" ) {
        ("s0") 0.0000 1.0000;
        ("s1") 1.0000 0.0000;
        ("s2") 0.0000 1.0000;
        ("s3") 1.0000 0.0000;
        ("s4") 0.0000 1.0000;
        ("s5") 0.0000 1.0000;
}

probability( "a1" | "v391" ) {
        ("s0") 0.0000 0.5275 0.4725;
        ("s1") 0.0000 0.4693 0.5307;
        ("s2") 0.0000 0.5000 0.5000;
        ("s3") 0.5960 0.1811 0.2229;
        ("s4") 1.0000 0.0000 0.0000;
        ("s5") 1.0000 0.0000 0.0000;
}

probability( "a4" | "v391" ) {
        ("s0") 0.0000 0.5275 0.4725;
        ("s1") 0.0000 0.5093 0.4907;
        ("s2") 1.0000 0.0000 0.0000;
        ("s3") 0.4996 0.2709 0.2295;
        ("s4") 1.0000 0.0000 0.0000;
        ("s5") 0.0000 0.5116 0.4884;
}

probability( "v409" | "v341" ) {
        ("s0") 0.0869 0.0000 0.9131 0.0000;
        ("s1") 0.5192 0.1386 0.3422 0.0000;
        ("s2") 0.5512 0.1003 0.3485 0.0000;
        ("s3") 0.0000 0.5096 0.0000 0.4904;
        ("s4") 0.0000 0.0079 0.0000 0.9921;
        ("s5") 0.0000 0.4530 0.0000 0.5470;
        ("s6") 0.4729 0.0000 0.5271 0.0000;
        ("s7") 0.8125 0.0000 0.1875 0.0000;
        ("s8") 0.0000 0.4321 0.0000 0.5679;
        ("s9") 0.0000 0.4093 0.0000 0.5907;
}

probability( "a2" | "v409" ) {
        ("s0") 0.0000 0.4275 0.5725;
        ("s1") 0.3297 0.3297 0.3407;
        ("s2") 0.0000 0.6140 0.3860;
        ("s3") 1.0000 0.0000 0.0000;
}

probability( "a5" | "v409" ) {
        ("s0") 0.0000 0.2773 0.3263 0.3964;
        ("s1") 1.0000 0.0000 0.0000 0.0000;
        ("s2") 0.0000 0.4276 0.3693 0.2031;
        ("s3") 0.0000 0.3229 0.3542 0.3229;
}

//Loglikelihood:  0.0
//Score        :  0.9591836734693877
//LoglikelihoodOfPreviousModel:  -21447.15984118522
