// HNB model in the BIF format
// Produced by the HNB package

network "HLCM3413857" {}

variable "class" { 
      type discrete[2] { "s0" "s1" }
}

variable "v554" { 
      type discrete[3] { "s0" "s1" "s2" }
}

variable "a5" { 
      type discrete[4] { "s0" "s1" "s2" "s3" }
}

variable "v543" { 
      type discrete[5] { "s0" "s1" "s2" "s3" "s4" }
}

variable "a1" { 
      type discrete[3] { "s0" "s1" "s2" }
}

variable "v503" { 
      type discrete[3] { "s0" "s1" "s2" }
}

variable "a2" { 
      type discrete[3] { "s0" "s1" "s2" }
}

variable "a4" { 
      type discrete[3] { "s0" "s1" "s2" }
}

variable "v539" { 
      type discrete[4] { "s0" "s1" "s2" "s3" }
}

variable "a3" { 
      type discrete[2] { "s0" "s1" }
}

variable "a6" { 
      type discrete[2] { "s0" "s1" }
}

probability( "class" ) {
      table  0.6728 0.3272;
}

probability( "v554" | "class" ) {
        ("s0") 0.0140 0.0000 0.9860;
        ("s1") 0.2596 0.7404 0.0000;
}

probability( "a5" | "v554" ) {
        ("s0") 0.5995 0.1835 0.1666 0.0504;
        ("s1") 0.0871 0.2572 0.2958 0.3600;
        ("s2") 0.2775 0.2509 0.2274 0.2442;
}

probability( "v543" | "v554" ) {
        ("s0") 0.2345 0.0000 0.6957 0.0000 0.0697;
        ("s1") 0.4949 0.0000 0.1617 0.0000 0.3434;
        ("s2") 0.0006 0.2834 0.0001 0.7155 0.0004;
}

probability( "a1" | "v543" ) {
        ("s0") 0.0000 0.4832 0.5168;
        ("s1") 0.0993 0.4609 0.4399;
        ("s2") 0.0000 0.4803 0.5197;
        ("s3") 0.4880 0.2502 0.2618;
        ("s4") 1.0000 0.0000 0.0000;
}

probability( "v503" | "v543" ) {
        ("s0") 0.0000 0.5167 0.4833;
        ("s1") 0.8949 0.0474 0.0577;
        ("s2") 1.0000 0.0000 0.0000;
        ("s3") 0.2213 0.5083 0.2704;
        ("s4") 0.8229 0.0000 0.1771;
}

probability( "a2" | "v503" ) {
        ("s0") 0.0672 0.4675 0.4653;
        ("s1") 0.8846 0.0685 0.0469;
        ("s2") 0.0000 0.5231 0.4769;
}

probability( "a4" | "v503" ) {
        ("s0") 0.0000 0.5053 0.4947;
        ("s1") 0.3612 0.3197 0.3190;
        ("s2") 0.9975 0.0018 0.0007;
}

probability( "v539" | "v543" ) {
        ("s0") 0.0000 0.6457 0.3543 0.0000;
        ("s1") 0.0000 0.7205 0.2554 0.0242;
        ("s2") 0.8039 0.0001 0.1959 0.0001;
        ("s3") 0.5170 0.0702 0.0714 0.3414;
        ("s4") 0.0000 0.7345 0.2655 0.0000;
}

probability( "a3" | "v539" ) {
        ("s0") 0.7541 0.2459;
        ("s1") 0.0000 1.0000;
        ("s2") 0.9992 0.0008;
        ("s3") 0.4012 0.5988;
}

probability( "a6" | "v539" ) {
        ("s0") 0.9775 0.0225;
        ("s1") 0.4662 0.5338;
        ("s2") 0.0000 1.0000;
        ("s3") 0.1676 0.8324;
}

//Loglikelihood:  0.0
//Score        :  0.74
//LoglikelihoodOfPreviousModel:  -22423.372373763996
