// HNB model in the BIF format
// Produced by the HNB package

network "HLCM434830" {}

variable "class" { 
      type discrete[2] { "s0" "s1" }
}

variable "a4" { 
      type discrete[3] { "s0" "s1" "s2" }
}

variable "v107" { 
      type discrete[4] { "s0" "s1" "s2" "s3" }
}

variable "a5" { 
      type discrete[4] { "s0" "s1" "s2" "s3" }
}

variable "v98" { 
      type discrete[4] { "s0" "s1" "s2" "s3" }
}

variable "a2" { 
      type discrete[3] { "s0" "s1" "s2" }
}

variable "v81" { 
      type discrete[7] { "s0" "s1" "s2" "s3" "s4" "s5" "s6" }
}

variable "a3" { 
      type discrete[2] { "s0" "s1" }
}

variable "a6" { 
      type discrete[2] { "s0" "s1" }
}

variable "a1" { 
      type discrete[3] { "s0" "s1" "s2" }
}

probability( "class" ) {
      table  0.6701 0.3299;
}

probability( "a4" | "class" ) {
        ("s0") 0.3615 0.3192 0.3192;
        ("s1") 0.2734 0.3594 0.3672;
}

probability( "v107" | "class" ) {
        ("s0") 0.4185 0.5781 0.0034 0.0000;
        ("s1") 0.0000 0.0000 0.2502 0.7498;
}

probability( "a5" | "v107" ) {
        ("s0") 0.6534 0.1161 0.1372 0.0933;
        ("s1") 0.0016 0.3348 0.3192 0.3444;
        ("s2") 0.7740 0.0331 0.1037 0.0893;
        ("s3") 0.0021 0.3432 0.3301 0.3245;
}

probability( "v98" | "v107" ) {
        ("s0") 0.6608 0.1533 0.0647 0.1212;
        ("s1") 0.3653 0.6347 0.0000 0.0000;
        ("s2") 0.0000 0.5651 0.3704 0.0645;
        ("s3") 0.0000 0.0000 0.6904 0.3096;
}

probability( "a2" | "v98" ) {
        ("s0") 0.5184 0.2485 0.2331;
        ("s1") 0.1702 0.4277 0.4021;
        ("s2") 0.0000 0.4865 0.5135;
        ("s3") 1.0000 0.0000 0.0000;
}

probability( "v81" | "v98" ) {
        ("s0") 0.2079 0.0250 0.1286 0.0001 0.2829 0.0172 0.3383;
        ("s1") 0.0000 0.1981 0.0000 0.2266 0.0768 0.4984 0.0000;
        ("s2") 0.1741 0.1724 0.2187 0.1358 0.0000 0.0000 0.2989;
        ("s3") 0.0000 0.3467 0.0000 0.3566 0.0000 0.2967 0.0000;
}

probability( "a3" | "v81" ) {
        ("s0") 0.9854 0.0146;
        ("s1") 0.0000 1.0000;
        ("s2") 0.0000 1.0000;
        ("s3") 0.9997 0.0003;
        ("s4") 0.7879 0.2121;
        ("s5") 0.0009 0.9991;
        ("s6") 0.9617 0.0383;
}

probability( "a6" | "v81" ) {
        ("s0") 0.0000 1.0000;
        ("s1") 1.0000 0.0000;
        ("s2") 0.7020 0.2980;
        ("s3") 0.0000 1.0000;
        ("s4") 0.9650 0.0350;
        ("s5") 0.0000 1.0000;
        ("s6") 0.9892 0.0108;
}

probability( "a1" | "v81" ) {
        ("s0") 0.8302 0.0791 0.0906;
        ("s1") 0.0000 0.5320 0.4680;
        ("s2") 0.9725 0.0002 0.0273;
        ("s3") 0.0000 0.5130 0.4870;
        ("s4") 0.9743 0.0089 0.0169;
        ("s5") 0.2724 0.3342 0.3934;
        ("s6") 0.0000 0.4874 0.5126;
}

//Loglikelihood:  0.0
//Score        :  0.6818181818181819
//LoglikelihoodOfPreviousModel:  -6036.850779076925
