// HNB model in the BIF format
// Produced by the HNB package

network "HLCM71547" {}

variable "v0" { 
      type discrete[3] { "s0" "s1" "s2" }
}

variable "v4" { 
      type discrete[3] { "s0" "s1" "s2" }
}

variable "v7" { 
      type discrete[3] { "s0" "s1" "s2" }
}

variable "v221" { 
      type discrete[3] { "s0" "s1" "s2" }
}

variable "v8" { 
      type discrete[3] { "s0" "s1" "s2" }
}

variable "v9" { 
      type discrete[3] { "s0" "s1" "s2" }
}

variable "v227" { 
      type discrete[3] { "s0" "s1" "s2" }
}

variable "v6" { 
      type discrete[3] { "s0" "s1" "s2" }
}

variable "v2" { 
      type discrete[3] { "s0" "s1" "s2" }
}

probability( "v0" ) {
      table  0.2707 0.3551 0.3742;
}

probability( "v4" | "v0" ) {
        ("s0") 0.1134 0.8689 0.0177;
        ("s1") 0.1721 0.8063 0.0217;
        ("s2") 0.1571 0.1021 0.7408;
}

probability( "v7" | "v0" ) {
        ("s0") 0.7133 0.0259 0.2608;
        ("s1") 0.6677 0.0262 0.3061;
        ("s2") 0.7360 0.0318 0.2322;
}

probability( "v221" | "v0" ) {
        ("s0") 0.0143 0.9162 0.0695;
        ("s1") 0.0126 0.1679 0.8195;
        ("s2") 0.8868 0.0067 0.1065;
}

probability( "v8" | "v221" ) {
        ("s0") 0.0060 0.9631 0.0309;
        ("s1") 0.0523 0.0035 0.9442;
        ("s2") 0.8015 0.0596 0.1389;
}

probability( "v9" | "v221" ) {
        ("s0") 0.1349 0.8305 0.0346;
        ("s1") 0.1245 0.8659 0.0096;
        ("s2") 0.0411 0.0604 0.8985;
}

probability( "v227" | "v0" ) {
        ("s0") 0.1120 0.0374 0.8506;
        ("s1") 0.0082 0.9795 0.0124;
        ("s2") 0.9895 0.0089 0.0017;
}

probability( "v6" | "v227" ) {
        ("s0") 0.2161 0.7459 0.0380;
        ("s1") 0.2798 0.6766 0.0435;
        ("s2") 0.2343 0.7281 0.0376;
}

probability( "v2" | "v227" ) {
        ("s0") 0.0000 0.8784 0.1216;
        ("s1") 0.8338 0.1361 0.0301;
        ("s2") 0.0451 0.0047 0.9502;
}

//Loglikelihood:  -47565.148470093736
//Score        :  -47795.40697939314
//LoglikelihoodOfPreviousModel:  -16863.103941254092
