// HNB model in the BIF format
// Produced by the HNB package

network "HLCM3842315" {}

variable "class" { 
      type discrete[2] { "s0" "s1" }
}

variable "a5" { 
      type discrete[4] { "s0" "s1" "s2" "s3" }
}

variable "v824" { 
      type discrete[6] { "s0" "s1" "s2" "s3" "s4" "s5" }
}

variable "a3" { 
      type discrete[2] { "s0" "s1" }
}

variable "a6" { 
      type discrete[2] { "s0" "s1" }
}

variable "a4" { 
      type discrete[3] { "s0" "s1" "s2" }
}

variable "v870" { 
      type discrete[3] { "s0" "s1" "s2" }
}

variable "a1" { 
      type discrete[3] { "s0" "s1" "s2" }
}

variable "a2" { 
      type discrete[3] { "s0" "s1" "s2" }
}

probability( "class" ) {
      table  0.6630 0.3370;
}

probability( "a5" | "class" ) {
        ("s0") 0.2667 0.2306 0.2472 0.2556;
        ("s1") 0.2077 0.2842 0.2732 0.2350;
}

probability( "v824" | "class" ) {
        ("s0") 0.0034 0.0000 0.2016 0.0474 0.0710 0.6766;
        ("s1") 0.5246 0.4754 0.0000 0.0000 0.0000 0.0000;
}

probability( "a3" | "v824" ) {
        ("s0") 0.6250 0.3750;
        ("s1") 0.3333 0.6667;
        ("s2") 0.0037 0.9963;
        ("s3") 0.9921 0.0079;
        ("s4") 0.0000 1.0000;
        ("s5") 0.6570 0.3430;
}

probability( "a6" | "v824" ) {
        ("s0") 0.0000 1.0000;
        ("s1") 1.0000 0.0000;
        ("s2") 0.0001 0.9999;
        ("s3") 0.0000 1.0000;
        ("s4") 0.9926 0.0074;
        ("s5") 0.6636 0.3364;
}

probability( "a4" | "v824" ) {
        ("s0") 0.3334 0.3228 0.3438;
        ("s1") 0.1609 0.4253 0.4138;
        ("s2") 0.2094 0.3786 0.4120;
        ("s3") 0.0000 0.6156 0.3844;
        ("s4") 0.0000 0.5336 0.4664;
        ("s5") 0.4779 0.2586 0.2636;
}

probability( "v870" | "v824" ) {
        ("s0") 0.1242 0.6220 0.2538;
        ("s1") 0.8115 0.0000 0.1885;
        ("s2") 0.7617 0.0009 0.2374;
        ("s3") 0.9984 0.0016 0.0000;
        ("s4") 1.0000 0.0000 0.0000;
        ("s5") 0.0011 0.8766 0.1223;
}

probability( "a1" | "v870" ) {
        ("s0") 0.1579 0.4289 0.4131;
        ("s1") 0.5635 0.2170 0.2195;
        ("s2") 0.0000 0.4876 0.5124;
}

probability( "a2" | "v870" ) {
        ("s0") 0.0000 0.5482 0.4518;
        ("s1") 0.3977 0.3006 0.3017;
        ("s2") 0.8401 0.0394 0.1205;
}

//Loglikelihood:  0.0
//Score        :  0.7241379310344828
//LoglikelihoodOfPreviousModel:  -3293.610825658073
