// HNB model in the BIF format
// Produced by the HNB package

network "HLCM72381" {}

variable "v0" { 
      type discrete[3] { "s0" "s1" "s2" }
}

variable "v4" { 
      type discrete[3] { "s0" "s1" "s2" }
}

variable "v7" { 
      type discrete[3] { "s0" "s1" "s2" }
}

variable "v2" { 
      type discrete[3] { "s0" "s1" "s2" }
}

variable "v228" { 
      type discrete[3] { "s0" "s1" "s2" }
}

variable "v6" { 
      type discrete[3] { "s0" "s1" "s2" }
}

variable "v221" { 
      type discrete[3] { "s0" "s1" "s2" }
}

variable "v8" { 
      type discrete[3] { "s0" "s1" "s2" }
}

variable "v9" { 
      type discrete[3] { "s0" "s1" "s2" }
}

probability( "v0" ) {
      table  0.2658 0.3528 0.3814;
}

probability( "v4" | "v0" ) {
        ("s0") 0.1136 0.8706 0.0158;
        ("s1") 0.1825 0.8010 0.0164;
        ("s2") 0.1494 0.0970 0.7535;
}

probability( "v7" | "v0" ) {
        ("s0") 0.7043 0.0263 0.2694;
        ("s1") 0.6667 0.0255 0.3078;
        ("s2") 0.7315 0.0257 0.2428;
}

probability( "v2" | "v0" ) {
        ("s0") 0.0745 0.1053 0.8202;
        ("s1") 0.8169 0.1315 0.0516;
        ("s2") 0.0047 0.8584 0.1369;
}

probability( "v228" | "v0" ) {
        ("s0") 0.9923 0.0000 0.0077;
        ("s1") 0.1811 0.8052 0.0137;
        ("s2") 0.0139 0.0004 0.9857;
}

probability( "v6" | "v228" ) {
        ("s0") 0.2514 0.6997 0.0489;
        ("s1") 0.2940 0.6659 0.0402;
        ("s2") 0.2266 0.7277 0.0457;
}

probability( "v221" | "v228" ) {
        ("s0") 0.0048 0.0625 0.9326;
        ("s1") 0.0002 0.9997 0.0000;
        ("s2") 0.8754 0.1169 0.0077;
}

probability( "v8" | "v221" ) {
        ("s0") 0.0050 0.9828 0.0122;
        ("s1") 0.8197 0.0696 0.1107;
        ("s2") 0.0653 0.0033 0.9314;
}

probability( "v9" | "v221" ) {
        ("s0") 0.1191 0.8468 0.0341;
        ("s1") 0.0336 0.0655 0.9009;
        ("s2") 0.1427 0.8489 0.0084;
}

//Loglikelihood:  -23867.796006166715
//Score        :  -24080.725835952122
//LoglikelihoodOfPreviousModel:  -8373.0473553871
